Days,c,p50,L,ps
0,0.5540465706277691,0.6301519633057503,0.7262460134618732,0.8428847025353551
1,0.5321499252132521,0.6430181533404564,0.7279668666425161,0.9730722322786884
2,0.6114420212002645,0.6359706557132113,0.7143369168340992,0.9019998326144768
3,0.5846029770493232,0.6898941007729675,0.7304267488019254,0.9064499668340592
4,0.6037550751775368,0.6670079734364763,0.7580703992664977,0.9457392476419304
5,0.5740927573854798,0.5942322973224822,0.6852848333143589,0.9748620718110272
6,0.6047672101111222,0.6678153032323987,0.7234583950188743,0.9157018472215861
7,0.6289803420519173,0.7195367556631549,0.7942028289497579,1.0171257982382138
8,0.6263809398332071,0.6513767430892514,0.7838180163167924,1.0089244561281627
9,0.5130355680883044,0.619867881174483,0.725410505316188,0.9137952932054975
10,0.5645208063646392,0.6231626831722082,0.7699423633932587,0.9640629104341312
11,0.6088845434865275,0.6993742854508874,0.7591634009688528,0.918371134343087
12,0.5851577181419859,0.7700795381179452,0.7661515277569538,0.989070019318394
13,0.5588165382894047,0.6381290918028684,0.7311527164320321,0.871314172296514
14,0.6028618369102016,0.7140344461607241,0.7610018301023816,1.0000148803209699
15,0.5962457811817523,0.6610273611368538,0.7370394949686758,0.9669166152275672
16,0.5822417452650106,0.6691084457710124,0.7247644952539334,0.8765926423519278
17,0.6350364110060402,0.6298044586149169,0.7516750041876045,1.0034008394374938
18,0.5977006916165054,0.655181237500271,0.7387437179123314,0.9117775831232293
19,0.5844151945637944,0.6680113072299748,0.7487090340089088,0.9321436923838453
20,0.612776016430955,0.7152956873922679,0.7826613091945425,0.9779979860031314
21,0.6233340910593943,0.6607508434284933,0.75980224476515,0.9204437107552477
22,0.6075544082989263,0.6985967962640431,0.7423623698987893,0.9287825271053433
23,0.5960102430554498,0.6180410022794813,0.7238747955877274,0.8952282127873654
24,0.5257278980164634,0.6368572164226477,0.7178041741594923,0.8469573427628652
25,0.6072293574294106,0.6888115011097001,0.7425736844857966,0.9097622189641862
26,0.6366907274647786,0.6398429247243248,0.6959231980041966,0.9014636742233545
27,0.6002878782807812,0.6217848886401048,0.7219450259759183,0.8960306474873267
28,0.5781122802422114,0.6610134475111126,0.7500644524837312,0.8995627553468041
29,0.6161799093747057,0.5670871845264722,0.7398841490714061,0.8954951059147805
30,0.565767771567716,0.6620919984092088,0.7268087927126681,0.926371566460183
31,0.5979795795302012,0.67236463247916,0.7698026338446896,0.9458938901479385
32,0.5954444837213703,0.6645299811999983,0.7135405330913899,0.8662544573573425
33,0.6259804142045265,0.6489684286782991,0.7482066297941466,0.9257181002435999
34,0.5704165735177537,0.6594545483991625,0.7003003196505657,0.9271690953136213
35,0.5609618921991909,0.6358179473526091,0.709143583065019,0.8676065210126576
36,0.5674340744991286,0.671635569836083,0.6592385706449228,0.9226329415882247
37,0.5640484384705825,0.606989998793747,0.7390473881061251,0.910281210860774
38,0.5979851676539722,0.672051161148713,0.769632283673102,0.9456325039880911
39,0.5574365992410112,0.6168123286079837,0.7579558382199343,0.9034166813835092
40,0.6334966161324305,0.615623376126233,0.6880789563416055,0.9008481800150037
41,0.5993899541267415,0.6800178538038083,0.712864492844835,0.857717172377328
42,0.6267588978023604,0.6430028095153277,0.7245365515089232,0.9385801833448663
43,0.6253571754101295,0.6300912373474281,0.7055524818325009,0.967785824492998
44,0.6639940714685643,0.6300290816564936,0.7194166579580342,0.9798887684587048
45,0.6185921149463028,0.6427653066132639,0.7278984298753814,0.9022044822395116
46,0.605552995274114,0.6411725569828068,0.71883559266943,0.913488652200681
47,0.579782470015839,0.630787368106274,0.7587814158086789,0.8885330312304839
48,0.6330967951492148,0.6154449401126127,0.6884874963277897,0.9004238323893535
49,0.5507919094929247,0.6358537372552686,0.6847438836288785,0.8678524539722444
50,0.6288249423880872,0.6436670245143209,0.7446540787602781,0.9422878233296557
51,0.6576720696151487,0.702626936405048,0.7948867185620823,0.9796077643670676
52,0.6468714942373451,0.7045047012813405,0.8028745861643655,0.9542180757403543
53,0.6212291229945899,0.5994383632844654,0.6908388805874695,0.8985282762011698
54,0.636841494072301,0.6394602080839519,0.6959303806356641,0.9011757772429936
55,0.5798030245966825,0.6308226694901866,0.7587494228200484,0.8885366640330182
56,0.5991133154266645,0.6726482372887345,0.6943701197923172,0.949470016261814
57,0.6560950810797981,0.6473763485931726,0.7240108619590878,0.9497279652330582
58,0.5818689621384417,0.6369333263012268,0.678315128124896,0.8701954902377078
59,0.5965944459616279,0.6091119487049677,0.6727917330039623,0.9152203341486392
60,0.5980140939709845,0.6723977860189123,0.7697565010802747,0.9459324228880795
61,0.6150023794373031,0.6985960325123508,0.7181015498932721,0.9238442129004761
62,0.5574138944794731,0.6169860834555001,0.7587524268928303,0.9041723779529108
63,0.55746948270417,0.6168844683280622,0.7580989932325548,0.9035537204395574
64,0.5574203228175841,0.6170799451680389,0.75911428756909,0.9045578831526806
65,0.566102572992441,0.6178245981578341,0.761053501001153,0.8953297754371695
66,0.565549998979456,0.6183995595744091,0.7625601242954071,0.8968543364381142
67,0.5574256280693044,0.6168960864323404,0.758351098668751,0.9037702367122638
68,0.5657639129631047,0.6181407040011525,0.7619433688472957,0.8961845619944463
69,0.565894819023646,0.6180077378883949,0.7615887833954201,0.8958309981858491
70,0.5574224011819933,0.6170314214954306,0.758889851696889,0.9043354790073161
71,0.557612786208348,0.6176201856966776,0.7609309445055065,0.9066427610711583
72,0.5577323761913131,0.6178245765260922,0.7615361211859336,0.9074048994851271
73,0.5576964514877822,0.6177655260059316,0.7613500401934257,0.9071875166337038
74,0.6630899469002232,0.6226731655112173,0.8103589736456205,0.9838761313458011
75,0.6107807817449493,0.6809579186474695,0.6837455172927658,0.9444979173638473
76,0.6068249395831873,0.6625161693325309,0.6744712987966089,0.9272550772456717
77,0.5781233675350732,0.6213010978526142,0.7472670161017176,0.922171664258717
78,0.5781197009936162,0.6214565614799095,0.7478129658135262,0.9226469541058169
79,0.598053771129532,0.6729918465007249,0.7699927335109025,0.9464418533750283
80,0.5577967891386097,0.6179228828011369,0.7618149008555637,0.9077702095929724
81,0.558589625542562,0.6187995836995225,0.7636673416127431,0.9118752482817427
82,0.5659378124078718,0.6179678721170883,0.7614538240909244,0.8957162647513829
83,0.5967046553963081,0.6131319657837008,0.6806893712904781,0.8002027360864572
84,0.5784789033943704,0.6234074682024978,0.7547418981360122,0.9298682138524772
85,0.6604695079444637,0.6708110090130258,0.7223191314078506,0.9332233511401973
86,0.565583759887201,0.6185405288420869,0.7615885094745795,0.8968150936766296
87,0.578312332572241,0.6228036624267762,0.7526372740859698,0.9274645980764866
88,0.6332990339104028,0.6155389857921546,0.6882958254724816,0.9006243616815444
89,0.6464627184867783,0.6339003669746739,0.8022508314995507,0.9665403287445844
90,0.57812026399573,0.6216375615788217,0.7484476977490854,0.9232226927883264
91,0.5584739402728284,0.6187217745980991,0.7627989268224118,0.9108607125874676
92,0.6464708926318209,0.6338976081717707,0.8021960882115976,0.9665482867047768
93,0.6604694762476785,0.6708334102690129,0.7224255275579443,0.9332735115538933
94,0.5661042306531466,0.6178233522222709,0.7610513074769293,0.8953266824320573
95,0.5657702484583064,0.6181345340250106,0.761880931831528,0.8961547322897487
96,0.578120436936369,0.6213573432797984,0.7474610160861457,0.9223403099646883
97,0.5579951281834359,0.6181944349739344,0.7625543227796723,0.9087791553555428
98,0.5781215533593758,0.6216471328143737,0.7484946708104793,0.9232615226441464
99,0.5576341121238151,0.6176593693566047,0.7610498833985763,0.9067893394901381
100,0.5781206833616819,0.6216025087490346,0.7483422494028751,0.9231197936863772
101,0.5575751335848469,0.6172151948114776,0.7588817096755859,0.9043784204538702
102,0.5574143631604899,0.6169501257557828,0.7586058823164811,0.9040217828766731
103,0.5749639689165884,0.5861197986450506,0.6454646982007787,0.8623261007014715
104,0.5659551550069195,0.6179521952560972,0.7613938392571294,0.8956690588259762
105,0.5782935438837463,0.6240256744049283,0.7563055891394795,0.9323232822394626
106,0.6604376525340052,0.6708040446237176,0.7222644480927994,0.9331696108373221
107,0.6098777284467154,0.6859012241937531,0.6885519056150262,0.9472832850715
108,0.5782420309759517,0.6236524106520207,0.7551439833782376,0.9307671634285868
109,0.5655944610055658,0.6183407575802008,0.7624123835160962,0.8966995113673291
110,0.5660017567571571,0.617909833236318,0.7613075419164117,0.8955646414739695
111,0.6098697059226378,0.6862148362338795,0.6887930341333519,0.94754218716646
112,0.5819938232776415,0.6562296479212156,0.7146229899208428,0.9115233143475538
113,0.5804260557361816,0.6302857025400093,0.7590021978643238,0.8893118842498667
114,0.5656328006351519,0.6182919241283451,0.7622660860004716,0.8965649426422401
115,0.5779826769605666,0.6551828933591822,0.7433815167883068,0.8852594646337155
116,0.6604111630857045,0.6708527335025362,0.7224533414990469,0.9332358346559582
117,0.6098725092310118,0.6858293957283719,0.6885005234515197,0.9472185915612976
118,0.5723563951965306,0.6048543588588604,0.6752388378805593,0.7874675963188601
119,0.5574212957972792,0.6170897212575656,0.7591772541705399,0.90459798881136
120,0.5781190590170875,0.6215169925786797,0.7480376867996247,0.922844984815431
121,0.6409797852036,0.5872651527087309,0.6752001185190005,0.9123257102825281
122,0.6248723606140868,0.6696140324013784,0.723324071874751,0.9063390440194978
123,0.612477832706527,0.6195704520232963,0.6867821104842186,0.9366214471908201
124,0.6068012873407574,0.6625101960568978,0.6744562461190008,0.9273310485069811
125,0.6603308844785573,0.7021858043752518,0.7006054212028316,0.9743376544256339
126,0.580149092846025,0.630515286541663,0.7588987194137491,0.888971565484333
127,0.5706769091952218,0.6177966195563215,0.6571971158491796,0.8193185026307246
128,0.624763353864799,0.6425683623274585,0.6950722720408388,0.9021212039716847
129,0.5848547585111256,0.6681669173817627,0.6708149329520494,0.9398896773006399
130,0.6255423666422502,0.6648161693613085,0.7514926983868141,1.0205420360449262
131,0.559565864777127,0.6550726517795658,0.7386685949390893,0.8900503812096388
132,0.5192874204112915,0.6059367685347377,0.6778875185277855,0.9426561650337475
133,0.5568365273586161,0.5943415092859247,0.6810196502688369,0.93329398716249
134,0.568112164534967,0.6938600365024766,0.714759083894028,0.8608203830366371
135,0.5766310880520679,0.7020790444054059,0.7925319979781257,0.9481199241495264
136,0.581308503225853,0.6893259565335921,0.7527506084499423,1.0103790698427033
137,0.6439998862124502,0.6314273641738265,0.7307309739283365,0.9395795367063604
138,0.5814235836540818,0.6684892318662361,0.7070990999421208,0.8898836903032559
139,0.5917536121323792,0.6478901696175172,0.7340797572097648,0.897379661119028
140,0.5659523275561233,0.6179545356470174,0.7614157105044466,0.8956800653024155
141,0.5803425841513069,0.6303819414438572,0.7589512901852494,0.8891980406721721
142,0.5513708158486632,0.5859180982096667,0.7351632102959194,0.8388472858795544
143,0.5565209824914297,0.6284166214058148,0.6940631814724495,0.8471588793753431
144,0.5736638800326027,0.7083742871866647,0.7540981176490725,0.960978954135445
145,0.6029208990144485,0.6633917169240983,0.7337405511365929,0.9241470844023435
146,0.5804919281042131,0.6489708629252476,0.7500289197625163,0.8847291012968558
147,0.599742962630455,0.6550656647802545,0.7362531489225863,0.9329158939041496
148,0.5734182531900812,0.6350602587099146,0.70115967271509,0.938353934514009
149,0.5749660861417755,0.5861199845057827,0.6454604940453947,0.8623294170130379
150,0.5797780555756861,0.6307904849556676,0.7587801268281794,0.8885277227040249
151,0.5445925680335465,0.6903831404065128,0.7644753660856984,0.8890078881582846
152,0.5574587005318995,0.6167532178695431,0.7576963917482087,0.9031458312570937
153,0.5574525939282471,0.6167674847254846,0.7577818525069069,0.9032144165734003
154,0.633666920890428,0.6845167536294907,0.7737788492350881,0.9442689035279621
155,0.5734030520924205,0.6350352593685064,0.7011503259562204,0.9383212913138278
156,0.5782757302468488,0.621268303156138,0.7462065009739761,0.9213333947617836
157,0.5781178691990237,0.6214964132518749,0.7479528130137114,0.9227730817991813
158,0.6251714238654045,0.643520943173884,0.7267906030218665,0.8910556355239697
159,0.5654841848761255,0.6184917264213639,0.7627267635699406,0.8970806940064231
160,0.6098539680764454,0.6861606200374046,0.688763061063276,0.9474825971390244
161,0.6088280865416308,0.6642884534840052,0.7276355461183588,0.8959360647798796
162,0.5660057531713447,0.6179064636990534,0.7612922411846627,0.8955537415089061
163,0.5575621967271539,0.6175209299056976,0.7606329218235032,0.9062688360430916
164,0.5579641688932356,0.6181615081721459,0.7615078475359391,0.9088506883792304
165,0.6005496980166897,0.5738564128933803,0.6882192971336109,0.9114241736362174
166,0.5973538916492503,0.7248485634826265,0.7488995549991173,0.9678147113688562
167,0.6087857918531603,0.7056396685782172,0.7324408712817561,0.9564574189294368
168,0.6451421607169358,0.7098287420388125,0.8104253754739512,0.9557937616224895
169,0.6553717361984062,0.6897549017233598,0.8136819979575008,0.9469740034129974
170,0.6291489458756664,0.686591686013126,0.7155266028774911,0.9570406685254713
171,0.5979926038658199,0.6723726297642876,0.7697832027720626,0.9459046177009703
172,0.5574513767342927,0.6167703077748984,0.757761008038367,0.9032238270483137
173,0.6409856310461657,0.5873013220239506,0.6751424539943716,0.9124127570122552
174,0.5854512644965159,0.6469054766330407,0.7215992683493714,0.9141446866990565
175,0.5517319596854623,0.619269281037893,0.7064475164228816,0.870966389413831
176,0.6366932563593112,0.6211215900408752,0.679645157376607,0.8969453784027777
177,0.6215211140776806,0.6373869520550117,0.7396448527851431,0.9794981376120371
178,0.5505940673030969,0.6131686779108924,0.7571834587032988,0.9361057147245424
179,0.6262177294689806,0.6507710605666476,0.7155025904780107,0.9892420782148499
180,0.6385356159639314,0.6891713627568293,0.7476960429217268,0.968427838579845
181,0.5929480857587023,0.6588676145926017,0.7169663553145115,0.9510888995370559
182,0.558050895178679,0.6707304362649105,0.6999526046976652,0.9486033915373387
183,0.606899026354622,0.6909647282388645,0.7562306902966041,0.9770008009205401
184,0.6282489957764806,0.6874406890958865,0.749072589418029,0.955439588913897
185,0.5699479168399416,0.6198605798866846,0.748593576770093,0.924650273394145
186,0.593887764450243,0.6366606330449059,0.7677714058445282,0.9852962986454676
187,0.5681667477020744,0.6726607224423379,0.7524126119346135,0.947652179311227
188,0.5968982740863424,0.6936781668018519,0.7557044790864949,0.9348936153272197
189,0.5894036077675529,0.7102449956077749,0.7692267484403883,0.9676679127923383
190,0.5879624711812613,0.6383234978923719,0.7416069980923128,0.9731482652149193
191,0.603365385077789,0.6764407236663897,0.7159613106509192,0.853264103069599
192,0.5548078799544931,0.5841414851543703,0.7122825968241185,0.8478606240795618
193,0.5853229943552662,0.6468397665897738,0.7215062733809409,0.9141209883118063
194,0.5726213046909635,0.6895852942962699,0.6667739645694313,0.9078695019599439
195,0.5779648534545481,0.6412797502220915,0.6868484066335171,0.8994617701019797
