Days,c,g1,kxmax,p50,L,ps
0,0.02650814168487633,0.2005312943448346,0.04354510867187055,0.38536235241517275,0.07595133977166145,0.26075732179903977
1,0.029355995471114588,0.19227577213025887,0.05669348040098886,0.3794907455336781,0.0616285554388326,0.2949625288321354
2,0.03251399338461816,0.18910378906766734,0.0682483273255808,0.36139275812689764,0.049690051094334206,0.3358417243951552
3,0.035199991151746005,0.1921437710541171,0.0748412046019908,0.3403903626284585,0.042383464666009195,0.368561069993955
4,0.03611873236450307,0.20295797311354302,0.07204457235040536,0.3262301335504187,0.04215900378744174,0.3692499443757761
5,0.02787519042056173,0.20628455000619883,0.04477694315027297,0.3706765461463396,0.07163302446995605,0.270898182129114
6,0.0242546281746414,0.20891577151670476,0.03293389982732027,0.38037057846343053,0.08954483724656365,0.2397628056198368
7,0.03357293241178416,0.19172016492120017,0.07010607754062834,0.3523011145485198,0.04702276653030618,0.3471219156511973
8,0.020587435538852446,0.21191723584836464,0.021831823733169414,0.3816554201720773,0.11317452018732108,0.21855689099927567
9,0.03392138509683726,0.20124694608957402,0.06617176278670278,0.34330009846044907,0.0481812118932581,0.342907883760357
10,0.02730768025670913,0.2053764912233535,0.04350868261893144,0.3745313579122917,0.07383991244036961,0.2659670997555548
11,0.022733054876033332,0.20991988118993846,0.028282986575068034,0.3821683053983852,0.09840229461688596,0.22966304218673297
12,0.02901632432785062,0.20379222078729542,0.049535365021576516,0.36835406483771116,0.06617392594216924,0.2836151841058087
13,0.031425712466951465,0.2046212231789595,0.056631057575894025,0.35485760730492627,0.057271137985183664,0.309598674695839
14,0.02359027359282089,0.2139879507893251,0.028938313964815637,0.37317272261842876,0.0948208199419858,0.23469274390334546
15,0.028092125098769894,0.21092230696848388,0.04317200899911083,0.36337199551155663,0.0720133079924101,0.2708225441672993
16,0.03247527735730563,0.19755594708148322,0.06360223476363543,0.3550991424437858,0.05190841612619338,0.32781587196407563
17,0.03201536099454744,0.2030890761340122,0.05927002483101808,0.35304154200179283,0.054826509948691544,0.3176961144535977
18,0.026831356278018043,0.2075688440477776,0.04100458874923614,0.3734065874022461,0.07661896092815121,0.2607309335267941
19,0.03369756856975863,0.19396133890615572,0.06929751832327913,0.3499313334042953,0.04717145330481143,0.34663970960459956
20,0.02755294560328003,0.20558762922566576,0.04414474399182685,0.37311449000045555,0.07282747850329871,0.2681666907071318
21,0.023869645051240798,0.21093344195563515,0.030980074606958174,0.37786563255427974,0.09225595376292797,0.23680326746755276
22,0.028646836963701808,0.21118147643423327,0.044726204852477046,0.3606931640266917,0.06972860935181924,0.2759804193464135
23,0.024807837896562053,0.20657721456640385,0.035571628378037096,0.3826794809743482,0.085950346332504,0.24433701825757673
24,0.03514425396508878,0.20467762553380642,0.06818949478509809,0.3322984965648061,0.045283724277402654,0.35554151039460846
25,0.02496328140016277,0.21084665059558422,0.03405056718506812,0.3750580973942565,0.0865592843933885,0.24455022408682814
26,0.03599555320261077,0.2039205695424112,0.07118170102029468,0.326523034550763,0.04270043077742326,0.36674981523686145
27,0.03750299167026579,0.2037928074880731,0.07580136545289105,0.31506874672042917,0.03866754465115509,0.3859337390018569
28,0.036568998581577764,0.2029765144735475,0.07340069851954112,0.32277417158977184,0.0409422216918896,0.3748849333576645
29,0.03838534255292519,0.2080298130620708,0.07633981801073594,0.30593086619737625,0.037272445958041155,0.3929135256611167
30,0.013980226827130382,0.21645491395518598,0.006140686229101777,0.3918784120698944,0.198054990894835,0.21906327660149053
31,0.0244130344867328,0.20773566559290513,0.03391464926381239,0.381921440330326,0.08833237504597385,0.24112538174165216
32,0.03418521175858612,0.19825890585402162,0.06854043155950845,0.3437863359157928,0.046691330525116016,0.3490325362994538
33,0.031959158604604666,0.20204298635747295,0.05963570291081165,0.35431306535836055,0.05475807309978944,0.3178382666737367
34,0.032973639496226045,0.2066234385756899,0.060457907502081666,0.3445369104136869,0.052465484268683076,0.3265067404414034
35,0.033341926757932766,0.21360952234733618,0.05811093768636352,0.33649762493223134,0.052894728331068695,0.3256224612268413
36,0.034156238466781445,0.2157968803582371,0.059575753846771204,0.3296445461325177,0.05075492756635034,0.3338523449718433
37,0.02925825009170046,0.19974706865520053,0.05238363132059984,0.3718482550114577,0.06408954673672389,0.2886803975018282
38,0.03521432926281811,0.1997872634452329,0.07090791495716427,0.3352879997124295,0.044015361935775404,0.3612055051164765
39,0.03415109812511996,0.20222053858853292,0.06638066174633261,0.34119054199565924,0.04769980088091876,0.34501279195302065
40,0.035644796270712854,0.20958226140563865,0.0672601238479769,0.3250328197831228,0.04488688539374569,0.35692913535052223
41,0.035818922457409114,0.2138791054056624,0.06566929281639743,0.3205416359889968,0.04528984872749954,0.35501229624001085
42,0.03376315061270775,0.21196671242418683,0.060237368091364485,0.335681816315554,0.05114420992600319,0.33200397857859176
43,0.024420783620263047,0.21307769777319246,0.031563517696734225,0.37274820761028116,0.09006774740795111,0.2402742232469702
44,0.025412691871214116,0.2112715587046871,0.03513295371193958,0.3728394238263368,0.08445735503363817,0.247850828681083
45,0.03176767599082761,0.19862894058759437,0.06082237526241495,0.35849573776587473,0.054554110562253164,0.31824591056472795
46,0.018588121782636455,0.21393489858790565,0.01641604690660658,0.3790068758682846,0.12957539530758008,0.211935672822839
47,0.030851860334592248,0.2170756073721326,0.04868809022216328,0.3444795192789712,0.0625410558791248,0.29524011790007987
48,0.03329508254825288,0.20691373349838937,0.061314753728812,0.3425016430090675,0.05148283218596977,0.33022039449471985
49,0.030851507769194358,0.21328739338175123,0.05050330701880029,0.34869269178496803,0.06157773267242175,0.29742437870481286
50,0.032512796261692255,0.20301907866792288,0.06086449607994526,0.35026249649162106,0.05312509331397071,0.3237570110279294
51,0.03641774957585591,0.2006550871457492,0.07412035103018123,0.32537987098614013,0.04087042823764628,0.3753532925547202
52,0.03745801912469315,0.21035452426828968,0.07241253621525612,0.3114984860925658,0.040066131746041476,0.37866366656893574
53,0.0365927592742819,0.2164512922719519,0.06679387285671608,0.3133921627854385,0.04361756477974913,0.36200090193605167
54,0.035081893752161676,0.21263958455149548,0.06400269731425715,0.3264708835683242,0.047198008027917605,0.3473473552931469
55,0.04029373633036298,0.224556110458601,0.07415491906706419,0.2831131613980827,0.03565320140863087,0.40090076246247747
56,0.04249492761714213,0.23418070506818733,0.07633917652257677,0.26342794581806395,0.03230354467257432,0.4204108286738159
57,0.0409925050439216,0.23139255484031765,0.07311426742906678,0.2746981279969386,0.03517998790544763,0.4032652533982247
58,0.03863381116093847,0.21283526210765,0.07474109029954215,0.3014078978607485,0.0375547828537499,0.3911841893617318
59,0.03423847253372784,0.20814786882113936,0.06362914699717556,0.3359370235280161,0.04877630868230093,0.34104913929879194
60,0.034389377295982786,0.2066765417105751,0.06484162187872643,0.336128372478723,0.04798056473802692,0.3442279931155323
61,0.033974156821135075,0.20659458013834422,0.06359336922751059,0.3389402015653861,0.04924584922022521,0.3389781522794558
62,0.01623397649229169,0.21510293221594404,0.0106048563395718,0.38290207272525895,0.1589438475463818,0.2098784309535179
63,0.030018699417131,0.20386900302338673,0.05260602872687896,0.3630316410015247,0.06224758458973244,0.2942483946671624
64,0.030004953683138956,0.20269694713655062,0.05316577921844549,0.36438075056636293,0.06198334225191752,0.29486531071163097
65,0.03369216323372987,0.20091326645555363,0.065633576921887,0.3449509063705485,0.04881440937052211,0.3402599753506472
66,0.03319562157708844,0.20397813723096872,0.06250428884048666,0.3455012054299041,0.05111164721247793,0.33138226196461223
67,0.0342464187601847,0.20561774793474757,0.06493572174657346,0.33800958367412637,0.04818011360796533,0.343287092862567
68,0.031141569162546647,0.2098585254533593,0.05309363173836156,0.3510167408960737,0.059629335475076234,0.30275091696608036
69,0.03386149183218292,0.21399819772946388,0.059539599787545715,0.3331592632601258,0.05129163709029875,0.3316643199026671
70,0.028336568738114375,0.21259092085734718,0.043114071703216586,0.3600865219171305,0.07142890212632017,0.2723808678938921
71,0.03009001694562586,0.20528182004667203,0.05210806317376237,0.36111799739067885,0.062355940471398814,0.29411824670303705
72,0.03421099308545685,0.20354271073819882,0.06588645312357959,0.3398669980253016,0.047817852146459165,0.3446247224243312
73,0.030847133945613142,0.21507494340119473,0.049626719205323085,0.34673613968667827,0.062050412411155324,0.29632587275836375
74,0.036567157900587885,0.22266902361663407,0.06373163650012122,0.30877940046610003,0.04494361754794561,0.3560251664893932
75,0.039745086839457114,0.2252530938588582,0.07218898177641506,0.28643235777430487,0.037074524624264714,0.39310193668234106
76,0.03691561675389732,0.22482630266665538,0.06378466496453522,0.30492270441527947,0.04438535720228705,0.35828328422894706
77,0.030968499823656043,0.21707947396462662,0.049046182893956285,0.34399158910239547,0.06210270450875121,0.29647041635776483
78,0.024168437852502462,0.21545071545749822,0.029884029693461635,0.36908995887383306,0.0921869859831282,0.23828705043533843
79,0.03217658639640422,0.2190256437323835,0.0518620592232459,0.33678018280867295,0.05816738589579862,0.30843532794869066
80,0.024116161969443935,0.2107327329005193,0.03174246949670432,0.3776475625636601,0.09088102040031408,0.23850635365134007
81,0.03506740422801665,0.19995934572546284,0.07036958415207871,0.3362961232044005,0.044474580149107275,0.3592124823273204
82,0.034515435859743974,0.21241834961667597,0.06235487885072253,0.3304015765681295,0.04887496097773951,0.34089524176269514
83,0.026301500564952472,0.21086386519454275,0.03787986885248286,0.3704020216548189,0.08005704809788809,0.2550528807039257
84,0.022643780357825164,0.20894461698510905,0.02840607423824308,0.38421894943172236,0.09870813946588744,0.22914998760692867
85,0.019705703531193993,0.21084889561868483,0.019856487960935334,0.3857319064455093,0.12008670110475785,0.21465193315740494
86,0.0231626605282172,0.20841412308313925,0.030085146741371884,0.3840147046524271,0.09543306908103123,0.2324357608424683
87,0.026602693267436757,0.2072976390006824,0.04045549950186876,0.37476755835166203,0.07758115097081536,0.25882480789427953
88,0.030025139521675348,0.20749460133586456,0.050788615491706164,0.35896790463080763,0.06319647180239453,0.2920384561199362
89,0.02511202576769717,0.211143590302756,0.034337058209046506,0.37405438125259277,0.08590888817805195,0.24559785472640042
90,0.029767031352898935,0.210371296619346,0.048560712019163656,0.35684248859382706,0.06496853703210839,0.2876355522046275
91,0.03027877863278256,0.21449507983778338,0.048147032115700844,0.3498168098443155,0.06406732257120602,0.2906703357782546
92,0.03322044390853749,0.2217532954321089,0.05380865659945219,0.32912931698721887,0.055183378249573006,0.31855813175925585
93,0.025930080917458773,0.2189133048940074,0.033283374298381435,0.3585958541222348,0.08426067023676585,0.2501165624200315
94,0.01723940921550658,0.21489675664603222,0.013150179242615165,0.37954654389866327,0.14378564223156276,0.20979821660166084
95,0.022500285028232724,0.21592417409746925,0.025348971330852493,0.3714471934065352,0.10172757150669651,0.22824981879575895
96,0.02299723929280412,0.21580018877912416,0.026662071316331047,0.37098084547091736,0.098787895717636,0.23103734365571077
97,0.035810788347885585,0.22765315679272577,0.05906291062566868,0.3090714789139635,0.04817768258728362,0.3429079680189221
98,0.020903951196188094,0.21613798911939178,0.02133461379145047,0.3728421924247981,0.11197317866351075,0.22050710050738273
99,0.03487102200649329,0.19945976035706867,0.07002566521058977,0.3381553867526391,0.0449329551424641,0.3570181411324332
100,0.024716447159824722,0.20952333720773966,0.03395131959712766,0.37816821480389734,0.08737719580370934,0.24299474963204534
101,0.02702394908762182,0.201501649601672,0.04460465839561337,0.3813922874262725,0.07394069472718691,0.2651021689216551
102,0.030500889581619065,0.1940550288334278,0.05929037244666922,0.37040486680185203,0.05782264117263389,0.3067828106890712
103,0.03095124420990441,0.1965134576927735,0.05938256705876837,0.3653144696906996,0.056857121519779286,0.3101625331120084
104,0.03435291951607068,0.20440274647010737,0.06588587644477928,0.33824275981690544,0.047579810930783124,0.3457127184740845
105,0.03500410757957878,0.21617263385737318,0.06202647221429671,0.32399166125639295,0.04819796011694443,0.34329129295796923
106,0.035239741395036515,0.21087088960357386,0.06536838303763257,0.326843575709596,0.04634566483299909,0.3508422381385651
107,0.03582229982803179,0.21808723935540433,0.06362897168246842,0.31716593079102645,0.04615989157281051,0.3512299374150358
