Days,c,p50,L,ps
0,0.5379266658271877,0.5992947627521774,0.6833426178330184,0.9518090378815912
1,0.5914907801025476,0.6876567206875137,0.7477718933415474,0.9964530915540729
2,0.5433349624896179,0.6247191825997197,0.6258386622776091,0.9486445732263115
3,0.5882963543469358,0.7111418390477399,0.773913663481461,1.030141124882243
4,0.5689058299747232,0.6003136633991357,0.6460130866379609,0.9626023387866897
5,0.5631072229060786,0.529172380355245,0.6255058628508023,0.9362491608718839
6,0.5385291732155313,0.6428494116851516,0.7247250008081138,0.9611335426161753
7,0.5339298416689308,0.6532643199335565,0.6624461493325542,1.0222917565620269
8,0.5449689199861085,0.6259987986738144,0.6275628260797657,0.9297815459210707
9,0.6141917455533185,0.6291250463895072,0.5935999759447828,0.9877054301468206
10,0.5308734557449689,0.6116637227921345,0.6727133944929693,0.9263269831630445
11,0.6039581581483207,0.5954053109317555,0.6317291293662722,0.8857356512006632
12,0.5149451951759964,0.5911801738050954,0.6669411920407198,0.913542741308676
13,0.5585433198407438,0.6881628093203077,0.74617340215171,0.988321496816246
14,0.5418715544170697,0.7235735857489936,0.7325139024493192,0.9764219870735641
15,0.558383522846517,0.6412456741157352,0.7460523043089918,0.884317312738483
16,0.5677764614123875,0.3132483358496041,0.6535399594490764,0.7497578740903
17,0.5513593841673552,0.6384739759713763,0.6539772350828552,0.9615672257375985
18,0.5695313457098721,0.6138016940264015,0.6658938664061363,0.8955290231268204
19,0.5115076361756142,0.5771746636537005,0.6453530466363855,0.8792876241444215
20,0.5351668217557413,0.6364710157303023,0.7089072764384753,0.9386207258534931
21,0.5389116655744117,0.6377051572764808,0.6934449368047445,0.9229143534335531
22,0.49879578295432714,0.5912008767442332,0.6374726657598215,0.9115669248361267
23,0.4742115123993092,0.6034880187580081,0.7210436367424756,0.8619579370298263
24,0.5949643125680728,0.5855499616432915,0.5897762609033669,0.8531531171387878
25,0.5578320626681446,0.6237671666200373,0.6821079944148811,0.9512957337972563
26,0.006273793698092753,0.01317304503496336,0.9855875861407609,0.004264965239462885
27,0.6079528134718344,0.6280912148477344,0.6556275940765875,0.952704049186117
28,0.5048784351883043,0.6211817134892357,0.6002646086461573,0.8368853024391779
29,0.5679483945088875,0.6226634450299098,0.6082549621420096,0.8588772938914696
30,0.5884081723278906,0.5799444848961288,0.5971276051140266,0.874940463731251
31,0.006926068542748137,0.014973013372826114,0.9840084891861955,0.0047907182966185095
32,0.5516585583730196,0.6665211845723241,0.6688707958463852,0.8806868047748949
33,0.5305973854278068,0.5862129718446751,0.5870165486628239,0.9198039912544296
34,0.566840334767578,0.5699358556888313,0.5757028577023444,0.8499288190396158
35,0.573604163041655,0.6097181444287915,0.6167092123995781,0.8389558909614053
36,0.5884216320603697,0.5799584558536088,0.5971361319303076,0.8749358395331226
37,0.6292562747749708,0.5989556341339036,0.6136394466155572,0.8532800638435609
38,0.007253912554394506,0.01593952946971018,0.9831704642784626,0.005037527283168908
39,0.002799889768708057,0.0052683281174769414,0.9937524598817916,0.0011374160702348854
40,0.6046059759015673,0.5958399271171095,0.7696402979332114,0.8546862116106319
41,0.6390297619010263,0.6133186037738245,0.5181208822363206,0.847618396752305
42,0.6546807098513957,0.6073782510231192,0.5751092011174308,0.9123314502420912
43,0.579448913757297,0.6132173534378791,0.5782470982160796,0.8198743473763285
44,0.6342891051122566,0.64585437175034,0.5299279426584279,0.8489140551855497
45,0.730535708768251,0.6387509047699494,0.5858471767314589,0.9908073782857792
46,0.5122173017172901,0.6280260347411107,0.5559559672970777,0.8413485136292607
47,0.5625367400580698,0.5801862936238337,0.6157764089577665,0.7800950458739697
48,0.6214389101214658,0.666773870324047,0.5346747636753454,0.9295031663354446
49,0.6299297878428258,0.6010564782520627,0.5579985081790213,0.8515625192897923
50,0.4847561616898703,0.6646907733420268,0.6100550481729659,0.8056514436139235
51,0.5709490818490266,0.6229237526861505,0.5951797553692327,0.811567025312313
52,0.5984450821108064,0.5950021953262877,0.5043121762503177,0.8895441303656377
53,0.5349311079352884,0.6992134512651907,0.552395840599285,0.8364396041758387
54,0.006046046018280789,0.012582532482193263,0.9861128545442551,0.004072717607031692
55,0.5625358201622915,0.5801879676002201,0.6157892364702515,0.7801166532020617
56,0.7144282577460721,0.6609395451551677,0.7424831490753655,1.0721088171013329
57,0.5699814873482095,0.5977802930599703,0.5769377355086766,0.8391615325542366
58,0.5927492515731616,0.5777789860948555,0.6165472088021949,0.8147732078629102
59,0.5015589127395131,0.6579610851712112,0.6018809891845248,0.822567660836854
60,0.006938039856673145,0.015020885241900199,0.9839732170334184,0.004804366935478624
61,0.5233118906617765,0.6443037995712286,0.40052216402216567,0.6756755039412533
62,0.002575186053728049,0.004876257170906975,0.994462221802019,0.0010247413071970723
63,0.002758950561193804,0.0051947858054303495,0.9938755063985477,0.001116088112872453
64,0.0024703661774408683,0.004696707148530705,0.9947976413722557,0.000980423913514605
65,0.0036359615275607955,0.006887971514695385,0.9914265830194703,0.001742275881578718
66,0.0030802023669932997,0.005780771726762063,0.9929130319702693,0.001309001478523973
67,0.0026935255268296493,0.005081147824809541,0.9940859813468472,0.0010810356201609943
68,0.0033090890027364555,0.006221654187348934,0.9922721658101733,0.0014730572696813177
69,0.003439229399867572,0.006481840722003286,0.9919259921791796,0.0015755774971577094
70,0.00252845290384656,0.004795627205249862,0.9946102294961815,0.0010044225390849967
71,0.0020236025150090894,0.00393079036461646,0.9962030327560141,0.0008439427737061693
72,0.0018955759486251232,0.003703824824911383,0.9965817069143313,0.0008170301553849515
73,0.0019293907450895962,0.003764161882507864,0.9964828684445893,0.0008236130839338617
74,0.5084376123998702,0.6036041804933328,0.6774845625559184,0.850714088980737
75,0.0034080081993487677,0.00643033748072011,0.9919844070975384,0.0015816409417008816
76,0.37245931772141827,0.45340301072934813,0.5677165424487133,0.5737072592718053
77,0.0023718511260216943,0.004529164431910391,0.9951140577166148,0.0009433722928178182
78,0.0022756697557380218,0.004365400900813629,0.995420526896432,0.0009112705198121101
79,0.00638410435596377,0.013477686737276662,0.9853248318056105,0.004362048907543496
80,0.001838966588711601,0.0036016825822739735,0.9967441032369058,0.0008062166700432163
81,0.0012857391466084044,0.0025465253054162387,0.9981724568859714,0.000706044603945171
82,0.003480125387017428,0.006565288187193216,0.9918194106236399,0.0016098001149877387
83,0.7021981692167247,0.6174903557825131,0.7169219021399996,0.9329713295638093
84,0.0013397533012597946,0.0026535591022010885,0.9980399531575456,0.0007241359823697549
85,0.0038041598121454356,0.0072463242439701455,0.9910202443435571,0.001894331194266857
86,0.0030256764290087024,0.005677484301320141,0.9930348341785845,0.0012916202740002323
87,0.0015759976405371713,0.0031120822162396928,0.9974558723281383,0.0007611919805562128
88,0.5700842449401681,0.4973934229237092,0.5634469271514188,0.7028722298709874
89,0.00485860110655002,0.009704112518209249,0.9887094672384905,0.0029998685734006483
90,0.0021666383489272138,0.0041787037182881275,0.995763354235646,0.0008793105327822256
91,0.0014163529290443183,0.0028026051897559368,0.9978581404945398,0.0007254458724271951
92,0.004859296836125538,0.009707441886121378,0.9887079306208649,0.0030021907206022663
93,0.0039037763096989335,0.007462353165414629,0.9907874161342883,0.001987061482338162
94,0.0036374577817554414,0.006891089166299805,0.9914229125460297,0.0017435372877324879
95,0.003314443185597707,0.006232516636593394,0.992256451131876,0.0014783263948706233
96,0.00233636908782214,0.00446873875822558,0.9952272547637643,0.0009310636093844861
97,0.0016962987578591209,0.00333911490549109,0.997138930106256,0.000781036255130041
98,0.0021611295711741942,0.004169396246727715,0.995780978756319,0.0008779126539849022
99,0.001997843808877395,0.0038855471945720985,0.9962804283367752,0.0008382100467450672
100,0.002187467620664518,0.0042147319296829055,0.9956989695945251,0.0008851971914722407
101,0.0025169444610559947,0.004770058286169631,0.9946275522692117,0.001000584547080086
102,0.0026182257389654033,0.004950481851352422,0.9943250771337645,0.0010444195357029052
103,0.6396472170381607,0.6155677932631247,0.5192921272734395,0.8961225808116496
104,0.003496390715147346,0.006598755308038749,0.9917772662174635,0.0016237819853139887
105,0.0010934986163297997,0.0021634498713020106,0.998615250399084,0.0006745035449388301
106,0.0037225227149536295,0.00707083008601605,0.9912155097457658,0.001818848733154537
107,0.005052441173351245,0.010102334776629782,0.9882990050081142,0.003131115764817479
108,0.0012081841159402326,0.0023926735227419718,0.9983533504522497,0.0006938848089092046
109,0.0031295256532057605,0.005874010146543953,0.992770988907082,0.001342852231244591
110,0.0035416477171345048,0.006691424261285909,0.9916625158224757,0.0016607434190811178
111,0.005207488845682759,0.01047716476197809,0.9879677739016256,0.003286148110547909
112,0.6048235406691949,0.6133897242335318,0.5648439365085114,0.923097965152961
113,0.5227815844706732,0.7061309007143297,0.47916305521651364,0.7639691449465056
114,0.003171028296839434,0.005953284861412515,0.9926523295122727,0.0013725757148957882
115,0.6544462286272898,0.7420352328570002,0.5773735767252081,0.9166373742217908
116,0.003859887850561955,0.007365099963881218,0.9908899438321914,0.0019430419976023989
117,0.005016506381972829,0.010015536612409639,0.988375475358602,0.0030944045108559407
118,0.6599645575234392,0.6166684484675006,0.6034071645427964,0.9506878128131065
119,0.002463109897782629,0.004684673733866152,0.9948220592274262,0.000977537148932311
120,0.0022384762944911664,0.004302052875428215,0.9955385932928636,0.0008999334585074022
121,0.6293177824493488,0.43906648255527525,0.6218117834159648,0.8291763655432203
122,0.6295404862764652,0.6396952838594209,0.5918183075436143,0.8338791308723683
123,0.6190552470166013,0.6797444295479955,0.6100928651065437,0.8898059094520889
124,0.5218059263507706,0.5913063637142675,0.5690940955174003,0.7943228349819178
125,0.6623674181686644,0.566938281253689,0.5574322303297143,0.965827738040249
126,0.4448796748268192,0.4477679038744491,0.43685192018496993,0.6914420225715142
127,0.5799293296135964,0.49114341944401113,0.5499678334346121,0.8294274628153752
128,0.5678660660198384,0.6029072238248834,0.5955760879781833,0.855587622387583
129,0.5540630649889474,0.5750495994318396,0.6348472794931119,0.8390163336249177
130,0.5606187072676668,0.5552341425234604,0.5706001314196766,0.8830165314194048
131,0.5675439659463853,0.6044783574363071,0.6049924123838533,0.8945767283498406
132,0.6092289455429231,0.637600516324079,0.6412426502853297,0.9168661360675842
133,0.590438749016875,0.5595015062430362,0.6579978387629098,0.9141030501863529
134,0.539057661713016,0.6047323651523204,0.509853234587707,0.8411545454149071
135,0.5775989527492573,0.6606526491201371,0.69156037902092,0.9035321248085072
136,0.596318016609342,0.6075291827664846,0.6798099789408609,0.928171111711118
137,0.5309654211506537,0.5547299445843503,0.6205859807447777,0.8065940746288531
138,0.6048312333900204,0.5656097069640369,0.634041761719743,0.8127574599420894
139,0.5486232333361676,0.5641428643448361,0.47299663821804255,0.7100509141721082
140,0.0034940568081210208,0.0065937872658401574,0.9917835536095383,0.00162137302380539
141,0.522597994299956,0.7061796271717344,0.47906768255343535,0.7640360115048076
142,0.5923288803256757,0.540414967407255,0.5583040421658169,0.783347425039115
143,0.5541982163452729,0.6632075732970433,0.589826662846416,0.8217904343788702
144,0.6335796847328283,0.6385508005331684,0.6282501551420917,0.8820504753057752
145,0.5443398928660083,0.6081885164631833,0.6185662617762141,0.8834801160861524
146,0.5569941088782071,0.6260417411467039,0.7207183333706186,0.9176210394137508
147,0.5687120424482573,0.6117758689145179,0.6187768265451956,0.8776525070526039
148,0.5822140960883598,0.6485705422873218,0.5425496901707259,0.8643703574575229
149,0.6396495007036345,0.6155881010367149,0.5193161624986263,0.8961150000010547
150,0.5625378436012917,0.5801846196565679,0.6157848603629079,0.7801075965286699
151,0.6107870407018202,0.5971980354078764,0.5942304630473747,0.9005146566448204
152,0.0028971901412630837,0.005443135346007392,0.9934556406013263,0.0011928808996452154
153,0.002875238503123319,0.005403562903565714,0.9935229396713934,0.001179749601451732
154,0.7039733820496523,0.6915670011124225,0.5921208482976381,0.9851306945646745
155,0.5329681217252871,0.6123047998964004,0.5746453816474938,0.7954123173992667
156,0.0024847145776407207,0.004711184456169888,0.9947164322447594,0.0009874263427628383
157,0.002250717809014717,0.004322798110504108,0.9954994536909054,0.0009035532796691463
158,0.5659578827735889,0.6031961678245187,0.6538645081890254,0.9516002103824867
159,0.0030042110407664034,0.005638876855871682,0.9931334742577769,0.0012598423125811515
160,0.0051765980665510174,0.010400708160230818,0.9880340614209873,0.0032541472882356144
161,0.38696731504087417,0.5451866093043487,0.5688901816617702,0.722134141039193
162,0.00354527391349118,0.006698993724943039,0.9916532336264533,0.0016639960202307835
163,0.002093016662981496,0.0040518945626820705,0.9959920244386883,0.0008604141530773192
164,0.0016341917831641428,0.0032192739781360664,0.9972998468352268,0.000761116412958478
165,0.6367127668879599,0.5821479492843642,0.5561971876403009,0.9454074076321793
166,0.5641633206718847,0.6133720510849417,0.6208242321630457,0.8711261668308969
167,0.5097010232719281,0.5911599108969938,0.6511374356669557,0.8876118184425511
168,0.5405528129434953,0.6240542805835736,0.6278605420746016,0.824052581461041
169,0.5013879183082126,0.5770068590185854,0.6794372726421312,0.8877920632192684
170,0.572169062917663,0.644529577568586,0.49498780309456675,0.8684713100456884
171,0.006935149503974927,0.015004226069275022,0.9839837310573097,0.004799386686546492
172,0.0028665893891651377,0.005387744930775549,0.9935478298803407,0.0011751540881741688
173,0.6383169567994754,0.6386376630654591,0.5200545209712575,0.9011701834075542
174,0.5595655650108279,0.6384413551597412,0.5883944059676127,0.8071954838846226
175,0.5826008790952515,0.6951856146126214,0.6309067422560363,0.9163658775820632
176,0.5943214036441424,0.606778367886679,0.6270564111553166,0.867045369691371
177,0.6287091137576102,0.6545608363560687,0.6408334574151132,0.923481444491619
178,0.560733882647006,0.5902678024333256,0.5656006436911643,0.7951782611466549
179,0.5746308386380469,0.6675865052771173,0.5517363590915368,0.8740386634161764
180,0.5254648751848108,0.6146420439140562,0.6652859302196558,0.9279526811909785
181,0.5360540595750423,0.6370635357106885,0.6569479917471686,0.9155568115007683
182,0.4893263246058224,0.6330571082027915,0.6321754239920184,0.8626113820715534
183,0.5330726116407999,0.6135643604638533,0.5872675625189149,0.8466551113322891
184,0.5608692807696437,0.5738744019485531,0.6496438753935263,0.8941251191386005
185,0.5431601507565649,0.6191748952988315,0.6889436017024533,0.9281328944614782
186,0.5432922293348921,0.6455239235305649,0.6791249120062917,0.9243482986170182
187,0.5808982217711203,0.6801995379543975,0.7054137290034059,0.9680345923921827
188,0.5975222156561387,0.7000970207827484,0.8058059130088437,0.964040210099502
189,0.5114119146405205,0.616456034965147,0.6294683365418796,0.9320876776556926
190,0.5589221547959288,0.5669056558318719,0.6487858436051099,0.8768239538807912
191,0.5825746881047561,0.5809028287583854,0.5787455441041406,0.8538370604625766
192,0.6001001438156023,0.5515221278666088,0.5662013890346318,0.7799223462182695
193,0.5740639361589377,0.5924467267951786,0.6095777107196252,0.8782289920527835
194,0.5808620632269126,0.5938922851731693,0.6378888798736567,0.8786647346185292
195,0.6114542190746816,0.6209386082440306,0.6006120733216954,0.9221825577660993
