Days,c,g1,kxmax,p50,L,ps
0,0.03232466522899847,0.20320458026581925,0.060179506879076264,0.35118013244297214,0.053802571616864046,0.32132565425646076
1,0.03914084614235736,0.209182381391576,0.07802053294061315,0.2995572711200795,0.035665385792595164,0.40155969990613416
2,0.03336177261558933,0.1962628243827586,0.06704260989082339,0.3504940202543041,0.0487511546498616,0.3401668425200714
3,0.040423191445440494,0.21061282467004805,0.08109607605466286,0.28901208633515685,0.03299310384610912,0.4170338044695597
4,0.03447246508508822,0.20561606578836175,0.06563760466907287,0.33641004202424934,0.047489529781264375,0.34621554510125474
5,0.03130876802675482,0.2065479785380062,0.055281273163348056,0.3535691441670476,0.05817957953693202,0.3068781566633232
6,0.034139667988423904,0.2047482591634094,0.06504788462595334,0.33939650042118125,0.0483111122474164,0.34266047892290974
7,0.039352393027107795,0.20949961766117633,0.0784916223764436,0.2977791112256279,0.035225928874148126,0.40400523751161055
8,0.03672563721958944,0.20412468203100084,0.07329567868591068,0.3208612949315836,0.04075791071205783,0.3756925177856534
9,0.026940627463203057,0.20882051031860563,0.04072758559271682,0.3710861230497635,0.07649486715612847,0.2612166380830063
10,0.03534614377019032,0.20550086110809895,0.06839279408652638,0.33021591052780774,0.044876118226263584,0.35720328865037804
11,0.04020162990190476,0.21340617509137472,0.07911725574084735,0.28944947908814755,0.03396213904104838,0.4111200386427964
12,0.04196444657042094,0.21959547388543008,0.0813681377078527,0.27357955883181023,0.03116351426565971,0.42825350501844694
13,0.04288865565243429,0.21557104740196323,0.08587430489812449,0.2680570143338222,0.02869511076906568,0.4452349616637169
14,0.03974214237113637,0.20709557224407119,0.08079958956402462,0.2958796550873136,0.03390564589111,0.4117121221915792
15,0.037932158761077035,0.20450699091494176,0.07672731744525756,0.31134006889206245,0.0377262379509808,0.3907177390886517
16,0.016614834081545956,0.2141035689720862,0.011406877068855572,0.38680865023911104,0.15570278746730018,0.2095576555923068
17,0.02564884788345355,0.20672052889731027,0.03792693413955072,0.3795617230006316,0.08187852974288647,0.25095774291489914
18,0.027761760439021402,0.20478436134380532,0.045181150645728335,0.3732516111336307,0.07168920631212629,0.2705360669900041
19,0.03434265981166162,0.20043431746642443,0.06789500834555144,0.34129164332864215,0.046713842440428616,0.3491111528515575
20,0.03701905943003972,0.19986371741104975,0.07632888731339157,0.3210996425314645,0.039129844933255616,0.3838279806848825
21,0.03655360284932397,0.19802497120076318,0.07586955870816343,0.325871250773558,0.03996948407019678,0.37980780762645705
22,0.035140985212665926,0.19969823501885917,0.0707288233473361,0.3359191269921383,0.04420641915003535,0.3603902498297675
23,0.03731807015241664,0.19283871216871537,0.08079254630336631,0.32227461407668373,0.03697426959136852,0.39520532156894356
24,0.02260431697710783,0.21018049342098472,0.02782636968085692,0.3819404817045583,0.09925841091973592,0.22888448123824193
25,0.03197710086477535,0.19878135334639538,0.061397035497313984,0.3571118054106433,0.053879420754928534,0.3206628105247947
26,0.015069666027874375,0.21502994492310465,0.008279289801449949,0.39070725247798216,0.17832858181759023,0.21269069318070008
27,0.026808688419976322,0.2039965748391895,0.042692310508718544,0.3788118736835657,0.07565259663643573,0.2619826045686797
28,0.02903600001217606,0.2010224327893548,0.05102455291665553,0.3715847194239252,0.06532926013581491,0.28549534682563255
29,0.03241414572642516,0.19984737591630963,0.062203467973383254,0.3535776641743617,0.05267806297796783,0.32513497719656914
30,0.028652929018383982,0.20408108364054056,0.0482652112217471,0.36984055101724206,0.0677378922474726,0.2797157320041786
31,0.014970440784413747,0.21525118344213112,0.008075132344003132,0.39030914914430115,0.17980225533322733,0.2130943663488038
32,0.026606838447875023,0.2009803539790657,0.04361027771987745,0.38420917375033764,0.07564541649460901,0.26146210496504724
33,0.029157918707744694,0.19473563350650086,0.05473583718957422,0.3780792162879414,0.06309195937969081,0.29097361583935155
34,0.029877672510327434,0.19213473435540404,0.05838598132683068,0.3762985687504577,0.059614087867043135,0.3010253589627938
35,0.027898863265505988,0.1983629699030706,0.04890677787995096,0.381057707458251,0.06923791493349242,0.27530826302509737
36,0.02864376923092476,0.19753086871399325,0.05163186374061031,0.3779072028914898,0.06593563117728606,0.2835412475873278
37,0.02735458418156388,0.19996947573182533,0.04636076913922768,0.38181433498780176,0.0720601906463649,0.26904894631433385
38,0.015510285801486568,0.21422534461468665,0.00919936985602884,0.3923025095406841,0.1720423842169851,0.21116236536222788
39,0.013631300318109737,0.21626797927921917,0.005412437891665772,0.3989614918074214,0.20901320941975896,0.22327585929421961
40,0.019004202258944745,0.2106042737304306,0.017711747479720444,0.39046388435736207,0.1287105599028293,0.21174029808331107
41,0.021121521985944147,0.18998649043409246,0.024965586259362592,0.4129092865780686,0.11220822780780429,0.22886930309029926
42,0.019049123073527224,0.1902477915660229,0.020225934888483125,0.4113579057408088,0.12455791853941887,0.2183762196761673
43,0.0192673427664868,0.18590285773046272,0.021631095254116037,0.4121330017023283,0.12052544840460058,0.22052986236302188
44,0.02238973439683051,0.20770967417972663,0.028148213455391057,0.38717920444808973,0.10001782987207754,0.2276109737038505
45,0.0217597564607745,0.20635121660161843,0.026811504303932202,0.3913406530428854,0.10392901433035255,0.2237123930895509
46,0.02648440227262218,0.19826756157718278,0.04464537116643839,0.3887995805865576,0.07535962015257434,0.2615867499027122
47,0.017149305838651544,0.21313934823342956,0.01267035387804779,0.389217571282194,0.1497483073471611,0.20928795413315798
48,0.014208172081228826,0.1973756387021464,0.007659176429165929,0.4026284007383885,0.18649273102093253,0.21585234121590782
49,0.020533772236048572,0.18928030512935198,0.02341418144328809,0.4105953018502595,0.11508012483468308,0.226122411314343
50,0.015937692775103353,0.19097875069055592,0.01277796361906498,0.40307775967253,0.15158766113566305,0.21188694634642924
51,0.020875712824313712,0.20979643319263833,0.02322194604093417,0.3856933675730835,0.1106991142850136,0.21951404943456584
52,0.021380665361728383,0.20768823730231295,0.024892472717541407,0.38731233984107305,0.10659370962256788,0.22303938735524945
53,0.014464566862342904,0.18997881749270745,0.009526239283922478,0.40132638927946135,0.17029691626115043,0.21395858289034841
54,0.01541657349603988,0.21389132281297965,0.009024456844988817,0.3946729265151948,0.17426372496451392,0.2113981502688502
55,0.014611285903639679,0.19997955994442532,0.007809051590230183,0.4073973963795422,0.1876874588547452,0.21574043287484004
56,0.014198581487254665,0.19855493294963988,0.005799003025039576,0.40581610024903747,0.20658164394130027,0.2239701430348646
57,0.01535068570748271,0.1861962294640107,0.01188343657440765,0.4058973724910986,0.15726148372341947,0.2126829250358866
58,0.015104490034996214,0.18572661405499574,0.01135751161941794,0.40586323357118714,0.1601618428340957,0.2129719981716704
59,0.014454622727581811,0.18688424410589743,0.009838326757663277,0.40468945943713264,0.16931113347515406,0.2136737197530655
60,0.015858026900995636,0.2136079752483316,0.009947402337834586,0.3936518112903563,0.16740661268776397,0.21025900311212203
61,0.01870534971493497,0.21095761134665714,0.016758659632486614,0.39059205016502124,0.13222747646069305,0.2109112129722216
62,0.012785072723108,0.21030234085869812,0.00364797449081667,0.4118552476856494,0.23699238873676198,0.23943508668785682
63,0.012283623916086828,0.21260196609463938,0.00225710237150939,0.41705317017597493,0.2628915964652052,0.26197131656060674
64,0.013521755473628433,0.21652510520941468,0.005206025787477847,0.39877893549508,0.21129459849466103,0.22446196489693668
65,0.014092654634228147,0.21556719417708514,0.006338763839478351,0.39646161208403674,0.19804376497027365,0.21856272175296157
66,0.013808813475762228,0.2161496329450356,0.005794823265409871,0.3958363554378524,0.20339920409946416,0.22094346959578598
67,0.012340052874654972,0.212612013840881,0.0023478810940048118,0.4161665509304333,0.2607956895365767,0.25994957733695256
68,0.013665799253921878,0.2165172157796413,0.005523089129254845,0.39546648567153425,0.20620330397484515,0.22228636644224412
69,0.01376387684841159,0.21630061823301602,0.0057087120826660055,0.39565148952524576,0.20425174113803707,0.2213425763144862
70,0.012441027122192675,0.21202180413329305,0.0024940789553758863,0.41615291509899843,0.2583100149123609,0.25731803371882667
71,0.013012284489390201,0.217556746260826,0.004187621619799159,0.40227463634571786,0.2255477028023281,0.2323524932875266
72,0.012840137603849304,0.21392422652018644,0.003938927800237384,0.41068210156729,0.2317432722294594,0.2364642456375298
73,0.01266480553067947,0.21140279872689163,0.0035798606238962734,0.4134497786899311,0.2385047556974587,0.24013679739816726
74,0.020758797583329297,0.20767623395972654,0.023499193955602314,0.39194790277433667,0.1118768233592908,0.21842292030166058
75,0.012256465306319391,0.20979894342782823,0.002119304222859689,0.41722573705350974,0.2657347207514442,0.26507635169380755
76,0.015499844126958064,0.19718486175146052,0.010234393950186087,0.40815559963492976,0.1692310373698358,0.21142582495607382
77,0.012821829404924706,0.21545132364365013,0.0038214981999390445,0.4090375201219472,0.23294792615205107,0.23764908085657857
78,0.012211306510048866,0.214281599636073,0.0021142869019778686,0.41874062569209003,0.26613839006808265,0.26518278453744465
79,0.015320050556489105,0.21406359997664856,0.008821461569426797,0.39431820972830134,0.17562535310776436,0.21172110354005874
80,0.012616221018467303,0.21163065344359583,0.003645933668219983,0.41295518580374685,0.2370405384283207,0.23915436321200206
81,0.011285036719499028,0.2193718575318239,0.00042649962885318133,0.43642098300233817,0.3102275990935141,0.33625067458650887
82,0.013995779702946246,0.21576394417969463,0.006152086091323284,0.39622943996099114,0.1998322287152625,0.21932964192580492
83,0.016635112853939323,0.1922684796143292,0.014300616089302986,0.4111283726934418,0.14733634452021374,0.21052378577646327
84,0.012340838786404773,0.2146690775938617,0.0025312985157370663,0.4177481033081509,0.2575684250142337,0.25613542161640657
85,0.013296655937231502,0.20752660464916958,0.00450676305816276,0.41117375051053306,0.2249717791129628,0.2315653079642232
86,0.01220569524916148,0.21108884712883888,0.0020036861783969398,0.4190943490597353,0.2687760047551206,0.2681045767408394
87,0.012336887483808227,0.21458536300182626,0.0025688564736713734,0.4175933614437585,0.2567967623366967,0.2553896278102585
88,0.019303596520421813,0.2098199739042237,0.01858163727662587,0.392154026425131,0.12626464723647512,0.21243243889261024
89,0.012692521294865398,0.2071406295443282,0.0026305087575912867,0.41385500603735376,0.25521212113478414,0.2551574552774039
90,0.012498921699440465,0.21322778019639096,0.0025367567392783653,0.4170060926535977,0.2578425001225093,0.25658622104764134
91,0.011550827799755347,0.2197774848814502,0.0008153543653170378,0.4319882538185379,0.2984731378536349,0.31092776421572843
92,0.012771878827087585,0.20671651269856378,0.00271513095092486,0.4140547127785092,0.2539577399682427,0.2538922353746942
93,0.014421622617708858,0.2149045801636575,0.006980963102722539,0.3973820981082194,0.1922551928198982,0.2162682236772966
94,0.01319897084712093,0.207600740595046,0.004869112266052194,0.4095715197606164,0.21913272807186648,0.2280146993083757
95,0.014032641404134271,0.21562782388196491,0.006223970071230894,0.39642674852723003,0.1991770319808556,0.21905193382170102
96,0.01295115250104731,0.2177761700060205,0.004075193105710663,0.40219708908224133,0.22702933713171408,0.23334212481163272
97,0.01214787040985371,0.21615622282932678,0.0019542159060823294,0.4207299007267211,0.2697965960273045,0.2690270066592867
98,0.013009320080910916,0.21759844795903877,0.004182179469991172,0.4022128214393452,0.22559643007717328,0.23238657725079284
99,0.013007783521285673,0.21751857968984303,0.004179372898621791,0.40237671229608607,0.22569616053900707,0.23245093387769997
100,0.012925839488885604,0.2164976393223287,0.003997041982158032,0.4057690869622256,0.22947746526536367,0.23525288029370542
101,0.012295452649328884,0.21241158712943484,0.002261638796939933,0.41742680580065117,0.26303923282581926,0.2620146124713442
102,0.013404169771704215,0.21680441036637121,0.004985858236450106,0.398623158056599,0.21381497399827631,0.22582795814361453
103,0.01879372490591675,0.21131081809346486,0.01720592428193864,0.3879054595952124,0.12965413049648492,0.2115983197287713
104,0.014142269402191921,0.21545852709067154,0.006434888804254601,0.3966016535285199,0.1971473114110808,0.21818891825720135
105,0.011238992703109213,0.22281104555098677,0.0003420951307633399,0.4406722988381958,0.313970563234697,0.3448784272550597
106,0.014104925053122217,0.21554149805794032,0.006362497951422312,0.39649379530594236,0.19782047731888197,0.218468936362205
107,0.014843261127285802,0.21496774805636834,0.007838425731543742,0.3926194944690728,0.18270043176795048,0.21365311630059247
108,0.011214635482205765,0.22012445624756943,0.0003386321436305854,0.43840449502507955,0.31343082645843545,0.34420101577504597
109,0.013000679206524056,0.20842438728688792,0.004336961786917483,0.40949363193591326,0.22603681171850376,0.2322315753786025
110,0.01392727454394838,0.21592702716739193,0.006020426577850768,0.3960373878650553,0.2011097793209229,0.219893788643314
111,0.015034712801770227,0.2146022255500157,0.008229160387921604,0.393275295957945,0.17978274681824183,0.2128041951893055
112,0.024452702623809625,0.2051165370473907,0.03525166556106834,0.38615865617753886,0.08725395681584434,0.24198603076615974
113,0.017129628023658094,0.21317785472509157,0.012622995294529094,0.3891233814919441,0.14995775911112658,0.209290391982991
114,0.01353395818544961,0.2164986384550997,0.005228950717716566,0.39879359353635796,0.21103585933028637,0.22432513788799713
115,0.017534046708370794,0.2124459944335436,0.013617881958349821,0.39100457135216643,0.14571442695532474,0.20932642491739145
116,0.013851988053592947,0.21609889767827303,0.00587647061395294,0.39585193305912486,0.20254173592769545,0.22054340173476375
117,0.014718118517828149,0.21521613035530066,0.007585721825898714,0.39220051966847697,0.18466385926906023,0.21426481204460848
118,0.019551356655034394,0.21075059707925653,0.019449105432516826,0.3866911854957314,0.12166404887188491,0.21404022201959438
119,0.013325030139898697,0.21703114512884591,0.004838115900619484,0.39847759859343207,0.21553437009238322,0.226794098963635
120,0.012579254856324554,0.21235444715084714,0.0036200766023491556,0.41245855748069615,0.23701447575785967,0.23942841525756786
121,0.01945356337629272,0.20986166785073798,0.019119654292755948,0.39117967468456527,0.12418730693199626,0.21305960904752153
122,0.024935628548343546,0.20016527049266078,0.03902338685986164,0.3925854279571316,0.08333429163695505,0.24718524826378105
123,0.024495796634349493,0.20160196728140167,0.036990621314766194,0.3919789872577196,0.08608627001744391,0.24318210765064122
124,0.01818936349239468,0.2115629976228145,0.015199081166974281,0.39180803582565826,0.13889873903489192,0.2099295643307416
125,0.015403274274168717,0.19835873787284172,0.010107256720082477,0.40835638063429375,0.17010737969656933,0.2114631123229137
126,0.01733177590375687,0.21281410765186726,0.013115806949845559,0.390055912019328,0.14780850003637944,0.2092829124238632
127,0.019583257058829677,0.21026846601654442,0.019581467698558553,0.3885441305184794,0.12185648113761692,0.21391693189254662
128,0.02449848013508452,0.2058534151486613,0.03503315407702304,0.3847982193495433,0.08726802628738836,0.24216030848034464
129,0.027627597879734952,0.20228966167089243,0.04603584763258929,0.3772976556183744,0.07154167745558673,0.27048458313751955
130,0.02923365271525118,0.19908422368963374,0.052654679077524455,0.3727497196368315,0.06400455686848508,0.2888478832280603
131,0.027295905541355883,0.20231593824736505,0.045013396156775354,0.3789029679024734,0.07298806244077911,0.26728420859682206
132,0.028102666499092453,0.20001568851466514,0.04866764121556318,0.37783897443021586,0.0688637183234156,0.2764265083084062
133,0.029281384001916343,0.19811319426147542,0.05331695526245815,0.37358083135845493,0.06354705959729892,0.2900105520156721
134,0.023461852469169663,0.20845967114686023,0.03092101335877403,0.38318227076151934,0.09368981509382306,0.23438746697632
135,0.02837588074860312,0.19886684689320003,0.05011248803178342,0.377797500252097,0.06739934409663832,0.2799015379014712
136,0.02982196378867701,0.20211830606208986,0.052896037052277044,0.3660319404524512,0.06253386912284273,0.29324453972603576
137,0.03159741277774916,0.19820903411650936,0.06050954911978541,0.359892497552762,0.0550336557857055,0.31653054538890374
138,0.029613563665939282,0.2007728962848974,0.05294955775594865,0.36869627506853453,0.0629781515651971,0.29185921791186725
139,0.014325840357540446,0.1978874227676603,0.007638693909391011,0.4032240274467478,0.1869975436277895,0.2159326148784828
140,0.014019539908185373,0.2157289586112584,0.006197707772824443,0.39626247501982725,0.1993821371464856,0.21913383621821753
141,0.017611329129628414,0.2123054041202859,0.013812386468006274,0.39136988864772876,0.1449271734906301,0.20935589361586024
142,0.023342204564293447,0.20539829561629935,0.03183517129597115,0.3891423211754387,0.09362429136726173,0.23390558510452586
143,0.025241757476441487,0.20334919093249568,0.038377239884564304,0.3863734508449153,0.08276376034862369,0.24867859286988436
144,0.029391231263486497,0.19569502602338557,0.05495041116295422,0.3756143328764022,0.06244640466717806,0.29288316691176686
145,0.029624517365351093,0.19656775254574782,0.05520874220891941,0.3732672448189301,0.06178640087679631,0.2948632694946626
146,0.03111813713413171,0.19205405541489387,0.06230226353275416,0.368313165094505,0.05509765596746842,0.315783253755677
147,0.02909251237772593,0.19998917688831713,0.051741745921010905,0.37249051907963615,0.0648144236112409,0.28674641116800187
148,0.02125151352273943,0.2092406825363463,0.024424143804654058,0.3863013081349661,0.10792706608717803,0.2212962345637772
149,0.018842633007489618,0.2112982492738478,0.01733566332270698,0.3880045864464552,0.12923071974908582,0.21166505342230885
150,0.017146329882731206,0.2131496636762408,0.012663784344297777,0.38919862540490785,0.1497756639090196,0.2092875370268718
151,0.024940389912182944,0.2057939698870164,0.036321490516503664,0.3835295423779296,0.08503470471970472,0.24556026127706232
152,0.013354306733896914,0.2169610957424308,0.004892674707928596,0.39850446409854007,0.21488483100227357,0.22642629255300764
153,0.012739795010720817,0.2104121040613949,0.004063205856053797,0.4103074112237128,0.22969240078415837,0.23446565336974848
154,0.021946016562342678,0.2097197727080489,0.026175336392367604,0.38411447137533894,0.10332585728691458,0.22509068418271808
155,0.021307263039222202,0.20983729315185964,0.02438466502814227,0.38497698582289397,0.10764969641529085,0.22167561785813283
156,0.012069876055389547,0.2136444401874588,0.0018816358816670764,0.41876261823461003,0.2705663005501103,0.27059337295420516
157,0.012675126675992698,0.2123919784893922,0.003781585189732251,0.4121940696850372,0.23453718359526826,0.23776475917618695
158,0.026345728850590017,0.19992522796881862,0.043369790594115123,0.3870757185496162,0.0764989290831776,0.25954261716973803
159,0.013656058362819508,0.21620959180279908,0.005459241803067552,0.3990084111591609,0.2085069205785116,0.22301894884768084
160,0.014783824956284558,0.2150859657296082,0.007718148256810247,0.39241755692767016,0.18362648581947705,0.21393751622787244
161,0.018221343957637408,0.2119621369982363,0.015479224895659451,0.38824703375861996,0.1364568448388225,0.21019751924429292
162,0.01397666399880052,0.21582193925277135,0.006115222946507131,0.39615404051469383,0.20017950321596995,0.21948140566945226
163,0.012557398731547488,0.2118930639091262,0.0035377517305987998,0.4129349565332568,0.23860690930650286,0.2403566470848128
164,0.01165826774158076,0.21607336564172863,0.0010522829607558164,0.42643034213306324,0.291001693712854,0.2986497688010861
165,0.022715523062122184,0.206109487895291,0.029699323180359068,0.38952615240534166,0.09761324693683926,0.22965798908240997
166,0.025670401436162293,0.20305640425574265,0.03977686209315838,0.3852730663518055,0.08061630067203289,0.25234730751540624
167,0.030624412220328995,0.20002708112145232,0.05649860984843574,0.36380823084791647,0.05896251374438359,0.30369192157628183
168,0.03273116699575363,0.19914246970114965,0.06356594452224072,0.3522261291687874,0.05145837019504163,0.3296528257959697
169,0.032504203155182335,0.1956253492962059,0.06471540706091239,0.35647810332121616,0.051337204204174855,0.3298416406893083
170,0.020967005392657598,0.21030535924455138,0.023317676789274537,0.3845227942476927,0.11012903378211229,0.22003344512434028
171,0.015308500231810187,0.21460682298223058,0.008773963181374555,0.3915275386407735,0.17485366687645906,0.21180149025119396
172,0.013528307278059717,0.21651770529938508,0.005218403035040678,0.3987750809589671,0.21115002631770102,0.22438571979882455
173,0.019410851108813586,0.21031801473220052,0.019041546654520878,0.38929705591241726,0.123824808930131,0.2132135408498601
174,0.027525176749589205,0.2007539838494663,0.04651437876667042,0.37989585349571275,0.07152965740527117,0.2702787899115632
175,0.02508016777354,0.20688545292822813,0.036205276335079875,0.38136226762581943,0.08469778146648452,0.24636509788169247
176,0.03137865398189845,0.19443716153829452,0.061833244731234555,0.36457687930703203,0.05481742080912314,0.31696043309851657
177,0.025565634873647436,0.20629897662396487,0.03788705215745959,0.38058954270155126,0.08214448863254374,0.25040695761342086
178,0.026784126357401003,0.20163633669908138,0.043811576504255066,0.38238028666494417,0.07504742404117191,0.26280068907486964
179,0.029091319731386997,0.19417497954824678,0.0548379419096618,0.37910132959649434,0.06319031988081328,0.2906332650036683
180,0.03152101858712622,0.19162124243368267,0.06379678548055595,0.36607742909447083,0.053600422419785285,0.32108283598755266
181,0.032752072317175446,0.19400658072823865,0.06634876602278547,0.3561412721059267,0.05013712170047722,0.334404281428932
182,0.033805392092593596,0.1937961442387343,0.06971699348329942,0.3493240426733328,0.04680549162823723,0.34820734643272844
183,0.03035346445170726,0.2023425849648219,0.05444154859930584,0.3629176182408353,0.06057770383780645,0.2989775162743787
184,0.03290027122902482,0.2016247157446395,0.06279835022084504,0.3491720142052649,0.05150786887140046,0.32966653132093116
185,0.03257886611148605,0.19559168107235864,0.06496594726642647,0.3560287828902588,0.05108549554729321,0.330808757743027
186,0.03380873202775246,0.1934332878768807,0.06991959769680235,0.3495472929640597,0.04671061823344479,0.3485936661408868
187,0.039854872970188374,0.20844776936627632,0.08047580427752483,0.2943834980079637,0.03388703406915239,0.4117661574894262
188,0.04394161153852413,0.22638781910128153,0.08402800688514873,0.25659575379257593,0.028250138069250762,0.4482870041090752
189,0.0351486387834921,0.19847796599242093,0.07138325495862516,0.3366964712622892,0.04391678762488152,0.36170836934777933
190,0.028810830052980012,0.2031842614342291,0.049212145325098204,0.3701547359468974,0.0668391305470669,0.2818437923638036
191,0.024228126148532328,0.20668296122551433,0.033882564619896346,0.38420630407195544,0.0889279874036152,0.23998421365053138
192,0.023035741948709585,0.20802061357067775,0.02987951157270021,0.3850610280119258,0.09609220424077834,0.2316464020135052
193,0.02753993229429631,0.20480204983531777,0.04449876175824234,0.3742684745591148,0.0726539392576254,0.26841111276188
194,0.02398023347909824,0.20630054149852534,0.03333654891773296,0.3856075241475252,0.09016728249566545,0.23827443055706612
195,0.028929403059420884,0.19764163756177525,0.05247529781665793,0.3761439683665195,0.06480761054161743,0.2865145709499389
