Days,c,kxmax,p50,L,ps
0,0.4357033467554896,0.6386200369137055,0.671551362952521,0.7671664279118197,0.9919319427869705
1,0.5124328691088366,0.6227451365479356,0.7251096416569357,0.7626982973570238,0.9906156343544262
2,0.4855616136437832,0.5914860492237236,0.7205798897408451,0.789717977827863,0.9705704796884509
3,0.5390498882023582,0.6323495803983117,0.6970399619224025,0.7698564759652935,0.9675435534006248
4,0.47088826055581545,0.5784128998363998,0.6633710177740019,0.789163179010427,1.0086829102852601
5,0.508117629469507,0.6085573443047314,0.6735212345697671,0.7086459150218597,0.8655252732914369
6,0.5127492127292532,0.5718354599776846,0.6515990346089796,0.7881448503324924,0.8958503598695623
7,0.48081309032739267,0.599234433456574,0.7140374682305486,0.7896967701107772,0.8964912199193759
8,0.5465042481719383,0.6345878089244641,0.7048402465697221,0.7889055603441725,0.9767376670969077
9,0.5360119906832329,0.5997943219164686,0.6299336280943888,0.6398338887461634,0.864471183781972
10,0.4720544305434016,0.6037002001142686,0.5866804652086364,0.7498637234075803,0.8874222886371141
11,0.5185734641644612,0.6471858670599805,0.7185512239922426,0.8777299828052555,1.0272979502603459
12,0.4914447447066417,0.6334097920933732,0.7522711512838968,0.7703581222980843,1.0164726210378132
13,0.4751895353523908,0.5581355164595748,0.6621142702711269,0.7205285211895793,0.9079520247523106
14,0.4795168594792192,0.6361342893550666,0.6978742676331622,0.8092285361428582,0.9475192523096779
15,0.4655574179300086,0.5631835796744621,0.6843786250424572,0.7459716586939269,0.9552203333905961
16,0.5475559391781498,0.513060764779873,0.6505085040965589,0.6162224034724061,1.0112186593465853
17,0.5214775973070762,0.541866729020414,0.6418646664700549,0.701743307980037,0.9009607404155222
18,0.5627950193393196,0.5680961862337325,0.6796864103867537,0.7537356239188577,0.9763330044399309
19,0.5344119679060056,0.6644243434043631,0.7156390650170332,0.7860842530913752,0.9813314016643718
20,0.4370015361900894,0.5685826466644128,0.6580360807027994,0.7728390000639519,0.925511265922
21,0.5028046952629038,0.6344631842500077,0.6224204983755355,0.723403806663422,0.910440247837346
22,0.4647295141653494,0.5945563729752199,0.6426106459672878,0.7558791158409824,0.9146661034234722
23,0.4816364176195099,0.5223405133097722,0.6448901323896188,0.8192320737973928,1.005057921038071
24,0.482122810464213,0.5687428406989354,0.6301925926312901,0.6303073160138848,0.7943097257299176
25,0.48858255274944296,0.5605260762210061,0.6674230565745198,0.7659780139813146,0.9674363548191063
26,0.5400476739296514,0.520665172156562,0.4951244090314237,0.7390546828558954,0.9266871399996364
27,0.5114731173184093,0.5791970887255568,0.6611170581615087,0.772215515379767,0.9821347085245012
28,0.5651089391691333,0.6507691379211337,0.6894164545002849,0.7461557690974044,0.9337920366986772
29,0.4805987652097791,0.5647485658607514,0.6274115451225044,0.7318819350471246,0.920381996703165
30,0.5034436832407168,0.6126822606313264,0.6339496582786642,0.6852361891298918,0.8722345494298133
31,0.4305299052425032,0.3859738560253487,0.5178196627403234,0.5199171378553913,0.978011321240343
32,0.49428053813262285,0.5947343173917747,0.5958963343338546,0.6468469183493052,0.8070940713375687
33,0.44428927469659235,0.5271154715463345,0.6248690472696603,0.7435647539969376,0.9581731723909436
34,0.5575778401321333,0.5871306635390838,0.6923820307461148,0.7409673625779338,0.9613041309203727
35,0.47354553896038604,0.5414976061802851,0.6425174979870903,0.653944718194209,0.9500523211754287
36,0.48931865045785805,0.5940410880585844,0.5916356652784627,0.7712527325256899,0.9137076607315188
37,0.5001305148860123,0.5382221612378895,0.5597462773914244,0.7002074865995024,0.8337217457853232
38,0.5505146473365525,0.4417220111177689,0.43349672602178424,0.5964684742551906,0.9768774329208711
39,0.016044459072110065,0.8416640847176329,0.08645552796393331,0.9080657504238128,0.923480379482624
40,0.511731989924152,0.5566362788340916,0.6045707006151574,0.6411205344122546,0.8412440045302381
41,0.4973819325810594,0.5088001188529783,0.5705222065401617,0.5992840733749589,0.8177135387371641
42,0.5084513142378293,0.5014942134442427,0.595220584521184,0.673725164177577,0.8879305095536625
43,0.5437428065175832,0.5487274666960924,0.6664300333725329,0.7175684184010601,0.903058746343784
44,0.5525975590974391,0.48412794089568517,0.6321361116663788,0.6379460587221043,0.8403765188482241
45,0.6223259542910692,0.6229808497699839,0.6445167490576825,0.6841857697632803,0.9311250793808358
46,0.5346554506080912,0.5729128440623092,0.6569835112880497,0.7753927976870877,0.9898099386674114
47,0.5577051368100592,0.6009401401485739,0.6398248363664735,0.6464817917332317,0.8774454431723645
48,0.539991911571154,0.554527623829945,0.5589864078297444,0.6234826157664431,0.9093156194512595
49,0.44855377905796173,0.5122971808406027,0.6052930874102318,0.6368316019261192,0.8804309580299471
50,0.4902678700583502,0.5832016441437932,0.62584240106811,0.7563498826625278,0.8784797816196575
51,0.5333356386756642,0.544762764341688,0.6536370496912721,0.5980085219141661,0.845462198975673
52,0.599907836555521,0.597784802214331,0.6886966569120845,0.6857427467841701,0.9011022782861764
53,0.5423205364704266,0.5999007106335255,0.6809941861501416,0.6700547869748389,0.9461277387275889
54,0.47446365596829565,0.42007489585101165,0.3293616500477141,0.45142645811763893,0.811547037759182
55,0.5576987516920588,0.6009246742793805,0.6398229991600182,0.6464854304555714,0.8774334803058045
56,0.4854642874702061,0.4643939965725396,0.5865699562264364,0.6267340461821073,0.7918064544170067
57,0.5722057810017311,0.5706923412712748,0.5927882882673393,0.7249098854160648,0.9245155968070707
58,0.5027596463908149,0.5636600439866405,0.581139428312738,0.6221092796497206,0.8644145717134556
59,0.4405706845085805,0.5223839721700828,0.6516988851976343,0.6605557248277354,0.8418602254358054
60,0.41517781369584295,0.5058018675104337,0.362889315626098,0.6436970154383197,0.9657573005234769
61,0.5588557955050464,0.5616231238287511,0.6130757290885446,0.6285897372113436,0.8861787398668547
62,0.00983959557991321,0.011771098029885817,0.839873153356016,0.15438295358922588,0.842698984114881
63,0.015585736428208758,0.84161359456505,0.08620124520661127,0.9083641536590219,0.9233649861487568
64,0.008949851913501667,0.01084170484034589,0.8401303062615967,0.15432640365485925,0.8429399100230545
65,0.8385344563784413,0.09921956414562645,0.6384198977702318,0.7459231855541038,0.9510413707686822
66,0.23915825880107786,0.6236221764617711,0.3089691396659319,0.9052411625481567,0.9345757394789143
67,0.014717122562852573,0.8414738371123976,0.0857164829245166,0.9089609779871427,0.923138048099486
68,0.24176403702244068,0.6246679928999075,0.3108320609329754,0.9037499945254958,0.9361798945226912
69,0.8392599645115789,0.09694940918743969,0.6383873117196314,0.746788740623349,0.9503815029923758
70,0.00944854068034989,0.011360336612453722,0.8399893410150502,0.1543550210660606,0.8428002629120483
71,0.0032029894625861944,0.0031857598812593045,0.0059599868699433635,0.9882547184544115,0.0016107849204025238
72,0.002911983623813913,0.0024741740220962133,0.005406098645914103,0.9889921967956562,0.0014105141578884693
73,0.0029884729880845255,0.002655415236736469,0.005549557431349457,0.9887949569523143,0.0014627814887450317
74,0.5416119013333699,0.5012687242443502,0.5558658111530408,0.6211233201261933,0.8424737567452406
75,0.8392235775593246,0.0972191506059291,0.6383885962858706,0.7466565756951232,0.9505300053384097
76,0.588415107003621,0.6128688287336493,0.6644085241223474,0.6079555012613004,0.9673602207150968
77,0.0081450177348853,0.010010297225339661,0.8403519065000326,0.15428738763003153,0.8431817460370805
78,0.00740052492822353,0.009250046950767837,0.8405521656112722,0.15426399841529057,0.8434281694115219
79,0.6609547565596293,0.5128618950535451,0.569313795619979,0.8516397399733812,0.9230507295605139
80,0.0027864640300848944,0.0021916345172236806,0.005173686442074885,0.9893228462056192,0.0013267452296029775
81,0.0016732097413764307,0.0004361123715823781,0.0032241907414570026,0.993186342795403,0.0007699570113756472
82,0.839107304137258,0.09742865720585164,0.6383855321565847,0.7466035028301492,0.9505225590867477
83,0.454152159034278,0.574255652170357,0.6140567537901422,0.6786797597737562,0.8632569087287607
84,0.0017610040545752276,0.0004959904564167381,0.0033794904970014424,0.9928375210438716,0.0008011222518944228
85,0.8281241435064671,0.3190151620506174,0.26556871885833944,0.15197021219668308,0.949299448905237
86,0.23912735299935092,0.6237326058571586,0.30904448569024767,0.9052784390675443,0.9345947766795318
87,0.002229358930521692,0.001114225025206451,0.004174014244197504,0.9909835770319154,0.0009943971350572416
88,0.5700137420568995,0.5378838406201397,0.6172036826054946,0.6445375174383937,0.9056713444223164
89,0.45143134408298496,0.5335005230914691,0.614090404896455,0.7001743564520332,0.8218128133814193
90,0.003538699420149784,0.0041067865296115745,0.006635942227955056,0.987427844299334,0.0018465979836720101
91,0.0019285821191527505,0.0007162241611668988,0.003650043668297481,0.9920553684750516,0.0008571507773033809
92,0.4514418265111282,0.5335162049792344,0.6141007232035447,0.7001815389590745,0.8218131853651075
93,0.61115910695493,0.23664908832974785,0.3884115313743401,0.15283928451793824,0.7216785411405107
94,0.8385291180779073,0.09923606330728105,0.6384204815625902,0.7459170113576242,0.9510460656707692
95,0.24185377329681135,0.6247078732845638,0.31090193137428257,0.9036992955936172,0.9362330743551844
96,0.007867477582224766,0.009725493671332155,0.8404272134651587,0.154276639503732,0.8432704964346412
97,0.002478985420199106,0.0015596058929487782,0.004615867860044367,0.990189122254592,0.0011331373537612074
98,0.003525046557709417,0.004065096982256256,0.006607116919296427,0.9874613908930089,0.0018366791419877878
99,0.0031436856329967646,0.0030342615937482974,0.005845077188525361,0.9884026629907958,0.001569490809350627
100,0.0035872685198559797,0.004244219627831856,0.0067369949446187466,0.9873089652460544,0.0018801314534560006
101,0.009507130754957616,0.01140248734050306,0.8399944103880258,0.1543315344826067,0.84275948418279
102,0.010217092243881155,0.012167437459850394,0.8397599157531704,0.154409303691078,0.8426033582795375
103,0.48060641973247165,0.49349246515216244,0.6939333613246349,0.621002583028883,0.8608150462874535
104,0.8390454877647188,0.09762398328996201,0.6383862647260313,0.7465281828896672,0.9505803321905335
105,0.0013193417269115949,0.0001958536752771683,0.0026126164860831753,0.9949142222941315,0.0006894551428300022
106,0.838213832603941,0.10022376135248899,0.6384646880483776,0.7455472441416447,0.9513330207674622
107,0.4519088108642147,0.5340256130465375,0.6143944938075542,0.7003469520218636,0.8217667945993451
108,0.0015271444962702868,0.00032045078821453917,0.0029776786285808975,0.9938989537021987,0.0007325571626985456
109,0.2397214392811688,0.6238570193938169,0.30936716228064387,0.904919995790952,0.9349396285969643
110,0.838884064108669,0.09812343624912416,0.6383913637602407,0.7463382964348892,0.9507230307852379
111,0.45165401712720205,0.6251516214393069,0.6621630378332831,0.7022694619038438,0.9360964274601654
112,0.47854270545058974,0.5082599610055926,0.5775071071029745,0.6322631206067796,0.805938873340033
113,0.5342446864636178,0.5800214077895501,0.6168376734084775,0.6694767309569742,0.8731395944595733
114,0.24021047582308608,0.6240602943166643,0.3097173890145398,0.9046414535829417,0.9352488996666184
115,0.5618542638796616,0.4135149815190057,0.6758971871440819,0.6697957275659189,0.7731494839725194
116,0.6111743218863789,0.23620739463062898,0.38829724361719525,0.15244645859047726,0.7216196093863176
117,0.4517618346295142,0.5338375481954102,0.6142768031007562,0.7002717247600513,0.8217732822429331
118,0.4787467487786316,0.5981747426757831,0.6667212792884365,0.7054636805807004,0.8885160352897218
119,0.00888093779863579,0.010771281461073699,0.8401483212512233,0.15432413352445376,0.842961105796331
120,0.0071188739338816686,0.008965849720682621,0.8406267024700035,0.1542602172974364,0.8435288299931879
121,0.4927329154948434,0.5005597629619997,0.529518077223222,0.6191602855929521,0.9270193352239393
122,0.5095241895276947,0.5533313804360048,0.6510071743818859,0.6863151866817566,0.8929503637634465
123,0.570964705279029,0.568833511024765,0.6143522924886002,0.6435272730401229,0.8282643946105668
124,0.5315714066280623,0.6119262648544802,0.6114290466679098,0.5813486392160409,0.8560540649303908
125,0.5331288767748956,0.3702408166188842,0.6502477863008784,0.6337534395257335,0.8600782418895363
126,0.6484267435395565,0.48844772710307205,0.7656014071321142,0.6263981817536715,0.9462977284887675
127,0.4458846377818654,0.6141911212882302,0.6462354701418285,0.6698562996521094,0.8459969119037962
128,0.5083822696798469,0.5131081206804926,0.6197953177060319,0.6344148287922632,0.8859878847934255
129,0.4983141680782636,0.5177387557547536,0.6159454706053563,0.6862089209751251,0.833823572466202
130,0.4826109534609025,0.5684151098462423,0.641232297802656,0.7000178384700297,0.9309624202486974
131,0.49773607608396,0.5385724149072242,0.6078316827277107,0.6777277216925188,0.9737070045998258
132,0.47221306548404335,0.5909565251815387,0.651451821670591,0.7106203206265534,0.8984605124572976
133,0.5331429406387853,0.6151835719069793,0.7039683330864627,0.7797535410817122,0.9741665549291363
134,0.4973783048176186,0.5087679631501292,0.5705366182476775,0.5992960662438584,0.8176902232236329
135,0.5216619641514979,0.6058548275657407,0.6802765153339007,0.747028050081962,0.9819481568397378
136,0.5201895138960451,0.5973174709991147,0.6924681936764927,0.7916843138455361,0.9252962901506819
137,0.5113793045850618,0.5755618741928394,0.639451489038108,0.6358586863671462,0.8793497698318826
138,0.5309087199078869,0.5722416305767432,0.6217248321192159,0.7554807205201035,0.9284121114736379
139,0.46561637896550595,0.548542183717116,0.6422501530218367,0.7201769288182791,0.8417951329771998
140,0.839056204465393,0.09758825524645277,0.638386019553972,0.7465422635061344,0.9505689645996165
141,0.5037079749080127,0.5511342618888726,0.5298381513555492,0.5586889990534457,0.8460672368429082
142,0.4906652477982158,0.5425678998873208,0.5956033545769381,0.6686779857290743,0.855618779405349
143,0.5550765763446336,0.5711966618046116,0.6160171355562133,0.7028764138731107,0.8962188976514515
144,0.5519370684553725,0.5592266240815401,0.7002244988042494,0.7171454992655549,0.8992911151574264
145,0.46760315645090167,0.551276563692769,0.7080243456550327,0.7185630616439236,0.8250144458082376
146,0.48518944695804017,0.6042691739587591,0.6665579345553632,0.703752009949014,0.9341386980387761
147,0.4498183703827736,0.5194167977624427,0.5754704005495278,0.597784874720013,0.8808468458462617
148,0.5390297133692492,0.5464537157410233,0.7045102211236712,0.6785435387960216,0.9116697539706677
149,0.4806075787006433,0.49352016249013525,0.6939377563598005,0.6210077978794794,0.8608266900384457
150,0.5577048573746505,0.6009372511110085,0.6398248672985262,0.6464872562709562,0.877446939356203
151,0.5250474557813891,0.5730880853646044,0.5781389941113904,0.6805106264509647,0.8659364008673209
152,0.23712136458663077,0.6227470744279724,0.3075582866182566,0.9064099763805517,0.9331858523871999
153,0.2368743856755545,0.6226366270959574,0.30738860843745613,0.9065531027175473,0.9330090562027173
154,0.5165597157798281,0.5267496190116493,0.599560076499454,0.6342785301539842,0.9225412678077989
155,0.5390364617947747,0.5464017945960344,0.7045436433499386,0.6785457688010818,0.9116504591250185
156,0.009341601691753413,0.011216183811953094,0.8400593018652929,0.1543004464563492,0.8427862514968866
157,0.007213574489258266,0.009060736533755765,0.8406021317548497,0.15426061641592514,0.8434940075843863
158,0.46174014953627374,0.4861758906378222,0.6260109733200853,0.6144632833858442,0.8790719469337216
159,0.23833121512345962,0.6232777173265833,0.3083958829303371,0.9057146007172964,0.9340272342219611
160,0.4515678788020619,0.6250717413835921,0.6621458762421797,0.7022749193775831,0.936129640109258
161,0.4673255904668958,0.6820821387807725,0.640979223102861,0.598700960041657,0.9540514182407794
162,0.8388699111973376,0.09816856707052968,0.6383921179297719,0.7463209734768443,0.9507364807564344
163,0.0033640821927156607,0.0036123117781581733,0.006278235901829864,0.9878565042700818,0.001723382642908834
164,0.0023705455305311437,0.001418970777559409,0.0044191461192570934,0.9904961907243278,0.0010771057143389058
165,0.5057188698509896,0.5379513209498354,0.6243151889176467,0.6929780700874497,0.889767486705625
166,0.5229930797811507,0.5389128274077689,0.6158672418950409,0.7421788154195973,0.8882945769111656
167,0.5189013606954023,0.6102810271541138,0.6535565806210718,0.6715028058870504,0.9443168268987645
168,0.4863602766124697,0.5677865993247,0.6720989000703018,0.7291697806985272,0.9815723872954077
169,0.5241613345211144,0.6276335861020149,0.6787918437536581,0.7182461445521613,0.9344756393241247
170,0.5475013112983506,0.5162588782023046,0.6159030751872491,0.7184680676984226,0.8748695506655921
171,0.41517183685136405,0.5057820086739849,0.3628664710973365,0.643702437006007,0.9657594195755094
172,0.01688775211760633,0.8417783913971603,0.08693427095184289,0.9075145566327023,0.9236967820437532
173,0.5092736117280515,0.6268361881063843,0.6307824037456476,0.6426352449912361,0.9025033560102097
174,0.5738006233831089,0.6162766745739344,0.6372461584184669,0.712684025129764,0.8955005222312962
175,0.5985190607450941,0.626870996314855,0.6504605623729649,0.7031082033028876,0.9399124311354876
176,0.4775044480005701,0.588763262912986,0.6705788036978351,0.7740660046865346,0.8940847762479757
177,0.520254067732135,0.5939834584700374,0.5926215570824185,0.6560983976629137,0.9207539648786748
178,0.5056811114778558,0.5333959623352413,0.6296631689015629,0.7397146053059374,0.9372279949642441
179,0.4835744917979276,0.558144270528423,0.6517673065644467,0.6790141178610652,0.8771662302507006
180,0.5128212773114621,0.5677697903183467,0.7442956523926992,0.744932090078593,1.0268585876841667
181,0.4911782343136657,0.575117563672722,0.6148307223762238,0.737038057551672,0.909855938622752
182,0.5044377438955006,0.6246909500471843,0.6455515343440643,0.7480228576813619,1.0234681292257846
183,0.46505951083288694,0.6117173796115183,0.6922017932434841,0.7619617655321486,0.939224653297491
184,0.4863854113884257,0.5678376437983529,0.6721456887663654,0.7291570913056747,0.9816530412110007
185,0.48379482383536215,0.5489189532799043,0.6593635758519256,0.6640194554310321,0.9572751037136755
186,0.5274403436787208,0.6346207152551271,0.6721019267998927,0.8372823773347152,0.9863847878045497
187,0.45276225474022785,0.5622326143251265,0.673534146236031,0.7501243297540471,0.9028830859110482
188,0.5082255955044357,0.6619870459595383,0.6799899542740474,0.7812709837464162,0.977192904995375
189,0.5193266838813488,0.6281684272358388,0.7169464123798072,0.8040352849950361,0.95240333102788
190,0.494251435412488,0.6106767633393193,0.6255643527896553,0.716940610827871,0.9337678853938894
191,0.48201227662125856,0.6143408714025149,0.6594095637963678,0.6534569321462174,0.9130459809009356
192,0.5121957412492174,0.5568905420311633,0.5721325127221403,0.6573864556452024,0.8458221999936335
193,0.5554900995949745,0.5978251064699568,0.7403724745418713,0.7759685001893186,1.0296616871028657
194,0.48634016592242474,0.5388507763735652,0.5494140826369407,0.6456946155111349,0.8813172857745925
195,0.5197517522067748,0.5713727393915622,0.6799724590227372,0.7565239148735908,0.9016430993875628
