,T,I,D,c,kxmax,L,p50,ps
0,5,50.0,0.0002,0.0020866443296684374,0.001100156018671903,0.9911664451589236,0.004240908445148271,0.0009391449727105144
1,5,50.0,0.003511111111111111,0.4970638459945423,0.5863832422335162,0.5605492434670815,0.6598218809258141,0.8923287185767077
2,5,50.0,0.006822222222222222,0.5179248810679076,0.6405741745974218,0.7413291732253972,0.8088798772210963,0.9945304827654337
3,5,50.0,0.010133333333333333,0.5280511302406611,0.5855443061106663,0.6707048507474407,0.7507384272275631,0.9149618397829102
4,5,50.0,0.013444444444444445,0.5248221280139207,0.5937429097832762,0.6854645416401218,0.777518137910245,0.9874583755533242
5,5,50.0,0.016755555555555555,0.5081163706566109,0.5825465651763004,0.6116528861808197,0.6986282383381044,0.8504611687439615
6,5,50.0,0.020066666666666663,0.4617365456308209,0.5616801242729955,0.6978036172745784,0.7021603849495948,0.9897964364242543
7,5,50.0,0.023377777777777775,0.5545983553609036,0.6666838974777508,0.7732432548498691,0.8357846233766346,1.0615871587188783
8,5,50.0,0.026688888888888887,0.5478919964250287,0.5830513686636352,0.7740631826883839,0.8110428514538276,0.9708846065427267
9,5,50.0,0.03,0.5314838217858465,0.5892263035513254,0.7357607303595153,0.8009424047797236,0.9420467630015378
10,5,100.0,0.0002,0.0020880356199230025,0.001102473976759839,0.9911599087977118,0.00424402023631153,0.0009397848273164958
11,5,100.0,0.003511111111111111,0.49707977101130635,0.5863823634604377,0.5605878283223187,0.659856086170888,0.8923511049441245
12,5,100.0,0.006822222222222222,0.5179323382617991,0.6405376761789767,0.7413311312166682,0.8089151892584553,0.9945611455442214
13,5,100.0,0.010133333333333333,0.5280564014515392,0.5855185136492115,0.67073879707884,0.7507660695886617,0.9149765762479941
14,5,100.0,0.013444444444444445,0.5236682876042706,0.5634251815814281,0.6686854154371915,0.7597788409321276,0.9715396777891795
15,5,100.0,0.016755555555555555,0.5101917222522262,0.5406094258914901,0.6687493958622087,0.707264520448624,0.9098191498331942
16,5,100.0,0.020066666666666663,0.46172143044609265,0.5616729437265946,0.6978158895880952,0.7021873542746739,0.9897973327374228
17,5,100.0,0.023377777777777775,0.5545932528920863,0.6666626556808629,0.7732462335667127,0.8357797333338336,1.0615760497952333
18,5,100.0,0.026688888888888887,0.49944325213301366,0.5397574706817118,0.6291267222066973,0.7260196323693349,0.9491555717268331
19,5,100.0,0.03,0.5031388454414929,0.5737545143084792,0.670103218379606,0.7566819910254509,0.982102768911711
20,5,150.0,0.0002,0.0020881116315410605,0.001102612438993647,0.9911595359761324,0.004244192298167488,0.0009398200899256018
21,5,150.0,0.003511111111111111,0.4970807871990258,0.5863823556627418,0.5605901607766172,0.6598581494201436,0.8923524676951008
22,5,150.0,0.006822222222222222,0.517932869641868,0.6405355214965167,0.7413312368517587,0.8089172822500696,0.9945629447092219
23,5,150.0,0.010133333333333333,0.5280567649157308,0.5855169731633524,0.6707408764617816,0.7507676945241243,0.9149774598309898
24,5,150.0,0.013444444444444445,0.5236679440010145,0.5634239670701643,0.6686848174996414,0.759779334828872,0.9715395211220453
25,5,150.0,0.016755555555555555,0.5101918620351706,0.5406078492663037,0.6687494651561703,0.707265127004757,0.9098191483815476
26,5,150.0,0.020066666666666663,0.46172056378965404,0.5616725684577126,0.6978166578177726,0.7021890344467404,0.9897974336137763
27,5,150.0,0.023377777777777775,0.5488075262455243,0.6470459027337374,0.7851258854924167,0.8549281696297085,0.9860560714711252
28,5,150.0,0.026688888888888887,0.4994436860590316,0.5397574302539433,0.6291274265919405,0.7260202093088011,0.9491559236531828
29,5,150.0,0.03,0.5028977168757711,0.5642101535591064,0.6435431158831124,0.8108450857011256,0.9632889286299199
30,5,200.0,0.0002,0.0020881372859327197,0.0011026594982912106,0.9911594097110145,0.0042442504272652915,0.0009398319997468175
31,5,200.0,0.003511111111111111,0.49708113425799444,0.586382354159905,0.5605909542554318,0.6598588511704876,0.8923529314914448
32,5,200.0,0.006822222222222222,0.5179330525342712,0.6405347897237216,0.7413312726160493,0.8089179932790704,0.994563555272945
33,5,200.0,0.010133333333333333,0.5280568895215939,0.5855164493003051,0.6707415846070712,0.7507682461973675,0.9149777603746536
34,5,200.0,0.013444444444444445,0.5236678293433705,0.563423554896361,0.6686846153315332,0.7597795028422782,0.9715394700788992
35,5,200.0,0.016755555555555555,0.5101919121310104,0.5406073129235957,0.6687494916479272,0.7072653340202677,0.9098191493929125
36,5,200.0,0.020066666666666663,0.46172026861290966,0.5616724412602339,0.6978169193365398,0.7021896073124002,0.9897974678015165
37,5,200.0,0.023377777777777775,0.5488074381999212,0.6470456440517844,0.7851259646788838,0.854928030422014,0.9860561542252626
38,5,200.0,0.026688888888888887,0.4994438332350107,0.5397574157069917,0.629127666250448,0.7260204059811468,0.9491560419140528
39,5,200.0,0.03,0.5028975409195637,0.5642099275960275,0.6435428682927146,0.8108447902670589,0.9632884863774628
40,5,250.0,0.0002,0.0020881490336464806,0.0011026810940264564,0.9911593518303905,0.004244277053714155,0.0009398374547742077
41,5,250.0,0.003511111111111111,0.4970812938031959,0.5863823536474554,0.5605913185767759,0.659859173325193,0.8923531444101342
42,5,250.0,0.006822222222222222,0.517933136796009,0.6405344538102113,0.7413312891397524,0.8089183197117709,0.9945638353437714
43,5,250.0,0.010133333333333333,0.5280569467293189,0.5855162085270386,0.6707419098041149,0.7507684993699272,0.9149778983989876
44,5,250.0,0.013444444444444445,0.5236677764351165,0.5634233651272488,0.6686845227905281,0.7597795802079892,0.9715394467630344
45,5,250.0,0.016755555555555555,0.5101919349317106,0.5406070657654048,0.6687495044712641,0.7072654295701077,0.909819150314704
46,5,250.0,0.020066666666666663,0.4617201320700195,0.5616723820463677,0.6978170394009219,0.702189870284383,0.9897974828249275
47,5,250.0,0.023377777777777775,0.5488073962024523,0.6470455250172052,0.7851260010118712,0.8549279671461107,0.9860561926873562
48,5,250.0,0.026688888888888887,0.49944389954797497,0.5397574081833094,0.6291277764460114,0.72602049584659,0.9491560954079357
49,5,250.0,0.03,0.5028974586207592,0.5642098230187217,0.6435427546560823,0.810844654038229,0.9632882823530564
50,5,300.0,0.0002,0.0020881550960796143,0.0011026922466261262,0.9911593219505144,0.0042442907956252,0.0009398402700985793
51,5,300.0,0.003511111111111111,0.49708137626430643,0.5863823534212387,0.5605915067938091,0.6598593397355894,0.8923532543767537
52,5,300.0,0.006822222222222222,0.5179331803686644,0.64053428023877,0.7413312977496208,0.8089184884014713,0.9945639799629625
53,5,300.0,0.010133333333333333,0.5280569762233577,0.5855160839655087,0.6707420777770737,0.7507686301461315,0.9149779697175421
54,5,300.0,0.013444444444444445,0.5236677487972365,0.5634232667027146,0.6686844750743596,0.7597796203198877,0.9715394346285833
55,5,300.0,0.016755555555555555,0.5101919464083976,0.5406069375745632,0.6687495113251316,0.7072654791703199,0.909819150975029
56,5,300.0,0.020066666666666663,0.4617200609634324,0.5616723509347725,0.6978171014262221,0.7021900060026902,0.9897974902730582
57,5,300.0,0.023377777777777775,0.548807373596917,0.6470454632326748,0.7851260194677131,0.8549279345841545,0.9860562124998002
58,5,300.0,0.026688888888888887,0.49944393314711194,0.5397574038933455,0.6291278334863547,0.7260205419316401,0.9491561226900143
59,5,300.0,0.03,0.502897415327367,0.5642097684646766,0.6435426960516388,0.8108445834092286,0.9632881766432109
60,5,350.0,0.0002,0.0020881584912683378,0.0011026984938910017,0.9911593052149532,0.004244298491785181,0.0009398418468388175
61,5,350.0,0.003511111111111111,0.4970814224764066,0.586382353304599,0.5605916122557026,0.6598594329687649,0.8923533159757508
62,5,350.0,0.006822222222222222,0.5179332047844117,0.6405341829581309,0.7413313026103843,0.8089185829547527,0.9945640609729213
63,5,350.0,0.010133333333333333,0.5280569927113886,0.5855160140841943,0.6707421718712352,0.7507687034184773,0.9149780096805421
64,5,350.0,0.013444444444444445,0.523667733142165,0.5634232113596119,0.6686844483697413,0.7597796428646238,0.971539427757648
65,5,350.0,0.016755555555555555,0.510191952667441,0.5406068655165401,0.6687495152480185,0.7072655070619382,0.9098191514169357
66,5,350.0,0.020066666666666663,0.4617200208649683,0.561672333260098,0.6978171361785448,0.7021900819722072,0.9897974943258949
67,5,350.0,0.023377777777777775,0.5488073605174328,0.647045428451151,0.7851260296088176,0.8549279163542645,0.9860562235249858
68,5,350.0,0.026688888888888887,0.49944395168159805,0.5397574013166232,0.6291278654989834,0.726020567573354,0.9491561378220256
69,5,350.0,0.03,0.5028973907242866,0.5642097376420436,0.6435426632635023,0.8108445437316681,0.9632881173085492
70,5,400.0,0.0002,0.0020881605461981396,0.0011027022752202798,0.9911592950856132,0.004244303149869357,0.0009398428011700296
71,5,400.0,0.003511111111111111,0.4970814504549107,0.5863823532371693,0.5605916761024627,0.6598594894077028,0.892353353259273
72,5,400.0,0.006822222222222222,0.5179332195622663,0.6405341240506949,0.7413313055701167,0.8089186402150985,0.9945641100080853
73,5,400.0,0.010133333333333333,0.5280570026735312,0.5855159717371088,0.6707422288232238,0.7507687477761872,0.9149780338735423
74,5,400.0,0.013444444444444445,0.5236677235812878,0.5634231777643299,0.6686844322144331,0.7597796565450614,0.9715394235578609
75,5,400.0,0.016755555555555555,0.5101919563721466,0.5406068217890458,0.6687495176536272,0.70726552398967,0.909819151712882
76,5,400.0,0.020066666666666663,0.46171999647611967,0.5616723224526894,0.6978171572166215,0.7021901279287445,0.9897974967321477
77,5,400.0,0.023377777777777775,0.5488073524161634,0.6470454073146593,0.7851260356465247,0.8549279053153236,0.9860562301557914
78,5,400.0,0.026688888888888887,0.4994439627739918,0.5397573996818579,0.6291278849017323,0.7260205830108407,0.9491561469144478
79,5,400.0,0.03,0.5028973756770061,0.5642097188652729,0.6435426434333453,0.8108445196680728,0.9632880813473738
80,5,450.0,0.0002,0.0020881618815227704,0.0011027047323675626,0.9911592885034671,0.004244306176745579,0.0009398434213124321
81,5,450.0,0.003511111111111111,0.4970814686387055,0.5863823531945386,0.5605917175968897,0.6598595260855626,0.892353377485811
82,5,450.0,0.006822222222222222,0.5179332291637507,0.6405340857592808,0.7413313075018813,0.8089186774381723,0.9945641418729659
83,5,450.0,0.010133333333333333,0.5280570091378756,0.5855159441956864,0.6707422658303842,0.7507687766039277,0.9149780495959072
84,5,450.0,0.013444444444444445,0.5236677173261454,0.5634231558869829,0.6686844217198183,0.759779665451311,0.971539420807209
85,5,450.0,0.016755555555555555,0.5101919587378498,0.5406067933211999,0.6687495192294315,0.7072655350101774,0.9098191519173155
86,5,450.0,0.020066666666666663,0.4617199805728224,0.5616723153791852,0.6978171708888538,0.7021901577793707,0.9897974982756503
87,5,450.0,0.023377777777777775,0.548807347065689,0.6470453935385162,0.785126039519468,0.854927898137501,0.9860562344421927
88,5,450.0,0.026688888888888887,0.49944396992307555,0.5397573985849123,0.6291278975217008,0.7260205930020954,0.9491561527916116
89,5,450.0,0.03,0.5028973658262358,0.5642097066065785,0.643542630553843,0.8108445040098288,0.9632880579583123
90,5,500.0,0.0002,0.002088162802919676,0.0011027064278001444,0.9911592839617422,0.004244308265326861,0.0009398438492222829
91,5,500.0,0.003511111111111111,0.49708148118696854,0.5863823531656371,0.5605917462311863,0.6598595513949442,0.892353394201723
92,5,500.0,0.006822222222222222,0.5179332357877475,0.6405340593314872,0.741331308839181,0.8089187031298826,0.9945641638606009
93,5,500.0,0.010133333333333333,0.5280570135933451,0.5855159251798171,0.6707422913648692,0.7507687964969477,0.9149780604449169
94,5,500.0,0.013444444444444445,0.5236677129878332,0.5634231407675909,0.6686844144799707,0.7597796716051212,0.971539418897563
95,5,500.0,0.016755555555555555,0.5101919603483182,0.5406067736511865,0.6687495203223783,0.7072655426245664,0.9098191520640528
96,5,500.0,0.020066666666666663,0.46171996957171096,0.5616723104730443,0.6978171803234317,0.7021901783700456,0.9897974993311187
97,5,500.0,0.023377777777777775,0.5488073433304061,0.6470453840113705,0.7851260421652855,0.8549278931817644,0.9860562373877794
98,5,500.0,0.026688888888888887,0.49944397482623876,0.5397573978106797,0.6291279062352946,0.7260205998753853,0.9491561568311355
99,5,500.0,0.03,0.5028973589923221,0.564209698118818,0.6435426216697429,0.8108444931950686,0.9632880418093428
100,30,50.0,0.0002,0.0015630139034661901,0.0003737949405289839,0.993536465505599,0.0032021198411740694,0.0007615095589365402
101,30,50.0,0.003511111111111111,0.49508195163802166,0.622293502268779,0.5782406043866494,0.573549979953122,0.8522895601258286
102,30,50.0,0.006822222222222222,0.5107290417273418,0.6790679803721348,0.6206167738497712,0.7110112822494725,0.904664748959639
103,30,50.0,0.010133333333333333,0.5509104284335055,0.5950446957080753,0.6186940282818271,0.6860012290768249,0.8467120706762972
104,30,50.0,0.013444444444444445,0.5532683615658165,0.5837905540870479,0.6778161965346142,0.7384795059469632,0.9548105739068806
105,30,50.0,0.016755555555555555,0.4726583607214586,0.5434334586108148,0.639357283257194,0.7853269733450468,0.9396410457169916
106,30,50.0,0.020066666666666663,0.4887228616336921,0.6266476749843404,0.6960031822157983,0.7928556098598143,1.0265348101908802
107,30,50.0,0.023377777777777775,0.5423256878436283,0.5693871985270619,0.7012848876409591,0.7999642638412491,1.0133001702053768
108,30,50.0,0.026688888888888887,0.4393769572942253,0.6067665906686042,0.7080543274457428,0.741720898688801,0.9033379728466155
109,30,50.0,0.03,0.48991537881525266,0.5323314715460307,0.6846306938209453,0.7582077171756004,0.9093541473653395
110,30,100.0,0.0002,0.001563309442047645,0.00037404996402973624,0.993535363933215,0.003202661979359862,0.0007615825982436496
111,30,100.0,0.003511111111111111,0.5155064267718701,0.6201713213540947,0.5919734381745403,0.6147052786665902,0.8844121111205139
112,30,100.0,0.006822222222222222,0.5217626786092517,0.5923265962386415,0.6361375320026862,0.7237826948897831,0.9035628408579012
113,30,100.0,0.010133333333333333,0.550910818320955,0.5950312479311758,0.618703083778897,0.686017198837061,0.8467160347589543
114,30,100.0,0.013444444444444445,0.5532628843016084,0.5837654579018338,0.6778152534469527,0.7384745462655179,0.9548094338610701
115,30,100.0,0.016755555555555555,0.4726627388897121,0.5434233506499829,0.6393685115047537,0.7853293994702778,0.939631406094232
116,30,100.0,0.020066666666666663,0.4887286309325049,0.6266432039986868,0.6960070247901267,0.7928648627247618,1.0265383498003373
117,30,100.0,0.023377777777777775,0.5423214012824,0.5693882882347179,0.7012927794540574,0.799970956007468,1.0132994738625467
118,30,100.0,0.026688888888888887,0.5028126467794961,0.5561754321061826,0.6696242306621639,0.7398989832617331,0.8814129043404033
119,30,100.0,0.03,0.4899182370541934,0.5323257744214571,0.6846323410541384,0.7582074723983895,0.909352623265053
120,30,150.0,0.0002,0.0015633408285012469,0.0003740781644099936,0.9935352456042228,0.00320271915000098,0.0007615899433229404
121,30,150.0,0.003511111111111111,0.5155053891429567,0.620168826935592,0.5919736068192545,0.6147045648365116,0.8844106330071001
122,30,150.0,0.006822222222222222,0.5217627991167548,0.5923266232636912,0.6361396185494855,0.7237837829288091,0.9035626016850655
123,30,150.0,0.010133333333333333,0.5509108731816692,0.5950297480178707,0.6187040913189088,0.6860189670106707,0.8467164718814538
124,30,150.0,0.013444444444444445,0.5532622919338838,0.5837626652801755,0.677815155000342,0.7384739752465359,0.9548092956841475
125,30,150.0,0.016755555555555555,0.4726632534115089,0.5434222339160683,0.6393697659177839,0.7853296697690608,0.9396303244676186
126,30,150.0,0.020066666666666663,0.48872929497885703,0.6266427389512637,0.6960074757150725,0.792865914691082,1.0265387573842504
127,30,150.0,0.023377777777777775,0.5423209304124336,0.5693884235932973,0.7012936659947414,0.7999717152432252,1.0132993961917003
128,30,150.0,0.026688888888888887,0.5028124181550802,0.5561748448737305,0.6696245196452325,0.7398994697465777,0.8814131795607134
129,30,150.0,0.03,0.48991858066334065,0.5323251507664214,0.6846325290906188,0.7582074462045021,0.9093524473290475
130,30,200.0,0.0002,0.0015633521570419893,0.0003740883801224929,0.9935352028514854,0.0032027397708309503,0.0007615925810124888
131,30,200.0,0.003511111111111111,0.5155050131167426,0.6201679227648504,0.5919736681724097,0.6147043057143546,0.8844100971968312
132,30,200.0,0.006822222222222222,0.5217628434313922,0.5923266335523737,0.6361403752615089,0.7237841774237002,0.9035625151226996
133,30,200.0,0.010133333333333333,0.5509108936060338,0.5950292041244828,0.6187044573007561,0.6860196083242509,0.8467166304347554
134,30,200.0,0.013444444444444445,0.5532620776002091,0.583761652176314,0.6778151194178302,0.7384737678478932,0.9548092454022102
135,30,200.0,0.016755555555555555,0.47266344042537856,0.5434218287697916,0.639370221493403,0.7853297681486651,0.9396299321742082
136,30,200.0,0.020066666666666663,0.4887295359999526,0.626642569646663,0.6960076393884819,0.792866296579837,1.02653890537248
137,30,200.0,0.023377777777777775,0.5423207593750119,0.5693884720324179,0.7012939878083081,0.7999719906447081,1.0132993676343784
138,30,200.0,0.026688888888888887,0.5028123348140031,0.5561746313820344,0.6696246243088733,0.7398996449851776,0.8814132792477289
139,30,200.0,0.03,0.48991870411148053,0.5323249228959732,0.6846325968737171,0.7582074361233652,0.9093523827846277
140,30,250.0,0.0002,0.0015633574854591055,0.0003740931840694542,0.9935351827445827,0.003202749469859149,0.0007615938222030962
141,30,250.0,0.003511111111111111,0.5155048362808441,0.6201674974667942,0.5919736970759538,0.6147041838869128,0.8844098451715231
142,30,250.0,0.006822222222222222,0.5217628642969039,0.5923266383807484,0.6361407313515016,0.723784363193803,0.9035624746095101
143,30,250.0,0.010133333333333333,0.5509109032838618,0.595028948292973,0.6187046298356738,0.6860199102958771,0.8467167051258424
144,30,250.0,0.013444444444444445,0.5532619766945701,0.5837611752605186,0.6778151026014839,0.7384736704341962,0.9548092218741976
145,30,250.0,0.016755555555555555,0.47266352811454226,0.5434216379457524,0.6393704361173396,0.7853298146462585,0.9396297477604962
146,30,250.0,0.020066666666666663,0.48872964910294475,0.6266424890508872,0.6960077160726196,0.7928664760602973,1.0265389748277347
147,30,250.0,0.023377777777777775,0.5423206787208149,0.5693884942778498,0.7012941391651693,0.7999721199849255,1.013299354003934
148,30,250.0,0.026688888888888887,0.5028122952414723,0.5561745306152618,0.6696246731421253,0.7398997266203995,0.8814133258110396
149,30,250.0,0.03,0.4899187612663685,0.532324814746837,0.6846326285260083,0.7582074311548247,0.9093523522387693
150,30,300.0,0.0002,0.0015633602731625104,0.0003740956945674003,0.9935351722288516,0.003202754544980286,0.0007615944726779736
151,30,300.0,0.003511111111111111,0.5155047438710056,0.6201672751795746,0.5919737121950231,0.6147041202673463,0.8844097134524073
152,30,300.0,0.006822222222222222,0.5217628751736919,0.5923266408650327,0.6361409175291743,0.7237844604010525,0.9035624535403217
153,30,300.0,0.010133333333333333,0.5509109083457159,0.5950288145939748,0.6187047201812063,0.686020068276894,0.846716744219535
154,30,300.0,0.013444444444444445,0.5532619238796089,0.5837609258312333,0.6778150937572794,0.7384736196260587,0.9548092096634605
155,30,300.0,0.016755555555555555,0.472663573754286,0.5434215380991781,0.6393705484225981,0.785329839050782,0.9396296514567252
156,30,300.0,0.020066666666666663,0.48872970804634314,0.6266424464415875,0.6960077559675963,0.7928665697412158,1.0265390110214436
157,30,300.0,0.023377777777777775,0.5423206364878176,0.5693885056560046,0.7012942182254461,0.7999721874640144,1.0132993467998324
158,30,300.0,0.026688888888888887,0.5028122743877264,0.5561744778033265,0.6696246984494832,0.7398997689448006,0.8814133499625874
159,30,300.0,0.03,0.48991879072591266,0.5323247578259425,0.6846326449748168,0.7582074284811791,0.9093523362321541
160,30,350.0,0.0002,0.0015633618464992482,0.00037409710986152937,0.9935351662960029,0.0032027574097878595,0.0007615948404159366
161,30,350.0,0.003511111111111111,0.5155046917773654,0.6201671498554877,0.5919737207229417,0.6147040844275244,0.884409639192589
162,30,350.0,0.006822222222222222,0.5217628812864086,0.5923266422422861,0.6361410225203334,0.7237845152561274,0.9035624417081667
163,30,350.0,0.010133333333333333,0.5509109111952611,0.5950287392242805,0.618704771186173,0.6860201574108105,0.8467167662843949
164,30,350.0,0.013444444444444445,0.5532618940643377,0.5837607851372851,0.6778150887437693,0.7384735910338286,0.9548092028219232
165,30,350.0,0.016755555555555555,0.47266359939247005,0.5434214817624563,0.6393706117888555,0.7853298528526874,0.9396295972021569
166,30,350.0,0.020066666666666663,0.48872974119708573,0.6266424222078624,0.6960077783729728,0.7928666224923582,1.0265390313739564
167,30,350.0,0.023377777777777775,0.5423206126477904,0.5693885119682034,0.7012942627707516,0.7999722254524247,1.0132993427076933
168,30,350.0,0.026688888888888887,0.502812262560069,0.5561744479706638,0.6696247126219593,0.7398997926713554,0.8814133634939045
169,30,350.0,0.03,0.4899188071657771,0.5323247255808486,0.6846326542122202,0.7582074269477395,0.909352327199949
170,30,400.0,0.0002,0.0015633628032064363,0.00037409796969375714,0.9935351626893811,0.0032027591520470376,0.0007615950643277029
171,30,400.0,0.003511111111111111,0.5155046601302791,0.6201670737140468,0.5919737259055257,0.6147040626662417,0.8844095940767769
172,30,400.0,0.006822222222222222,0.5217628849900497,0.5923266430673509,0.6361410863190059,0.7237845486058713,0.9035624345398088
173,30,400.0,0.010133333333333333,0.5509109129232181,0.5950286934375111,0.6187048022034002,0.6860202115928713,0.8467167797005075
174,30,400.0,0.013444444444444445,0.5532618759317177,0.5837606996293337,0.6778150856850974,0.7384735736872432,0.9548091986852247
175,30,400.0,0.016755555555555555,0.47266361492632974,0.5434214475166685,0.6393706503070338,0.7853298612562792,0.9396295642583458
176,30,400.0,0.020066666666666663,0.48872976130120976,0.6266424073930517,0.6960077919458535,0.7928666545105074,1.0265390437145032
177,30,400.0,0.023377777777777775,0.542320598151863,0.569388515760059,0.7012942898205806,0.7999722485077734,1.013299340209378
178,30,400.0,0.026688888888888887,0.5028122553445424,0.5561744298218592,0.6696247211908427,0.7398998070312983,0.8814133716768549
179,30,400.0,0.03,0.48991881708311524,0.5323247059281183,0.6846326598099027,0.7582074260065317,0.9093523217115121
180,30,450.0,0.0002,0.001563363426753671,0.0003740985297216701,0.9935351603392037,0.0032027602877080434,0.0007615952104120578
181,30,450.0,0.003511111111111111,0.5155046395184961,0.6201670241200367,0.5919737292817181,0.614704048498744,0.8844095646916079
182,30,450.0,0.006822222222222222,0.5217628873971886,0.5923266435988932,0.6361411278784822,0.723784570338281,0.9035624298802046
183,30,450.0,0.010133333333333333,0.5509109140467638,0.5950286636170475,0.6187048224192159,0.6860202468968443,0.8467167884438099
184,30,450.0,0.013444444444444445,0.553261864112391,0.583760643921598,0.6778150836867387,0.7384735624006988,0.9548091960004185
185,30,450.0,0.016755555555555555,0.47266362502373355,0.543421425202925,0.6393706754040129,0.785329866738133,0.9396295428097469
186,30,450.0,0.020066666666666663,0.48872977437837833,0.6266423977013449,0.6960078007675483,0.7928666753500422,1.026539051740484
187,30,450.0,0.023377777777777775,0.5423205887048661,0.5693885182103195,0.701294307432349,0.799972263513092,1.0132993385768576
188,30,450.0,0.026688888888888887,0.5028122506314295,0.556174417990157,0.669624726752834,0.7398998163600327,0.8814133769888371
189,30,450.0,0.03,0.4899188235107214,0.5323246931001534,0.6846326634495085,0.7582074253895563,0.9093523181369894
190,30,500.0,0.0002,0.00156336385789024,0.0003740989167419903,0.9935351587144826,0.003202761072995471,0.0007615953114948301
191,30,500.0,0.003511111111111111,0.5155046252745983,0.6201669898462991,0.5919737316152208,0.6147040387111412,0.8844095443842287
192,30,500.0,0.006822222222222222,0.5217628890579634,0.5923266439631484,0.6361411566020374,0.7237845853624792,0.9035624266647585
193,30,500.0,0.010133333333333333,0.5509109148221171,0.5950286430097727,0.6187048363965244,0.6860202713014295,0.8467167944886136
194,30,500.0,0.013444444444444445,0.5532618559396594,0.5837606054163421,0.6778150823025473,0.7384735546069147,0.9548091941499253
195,30,500.0,0.016755555555555555,0.47266363199145567,0.5434214097782504,0.6393706927522719,0.7853298705306507,0.9396295279915434
196,30,500.0,0.020066666666666663,0.48872978340693224,0.6266423909824034,0.6960078068544558,0.7928666897440795,1.0265390572809951
197,30,500.0,0.023377777777777775,0.5423205821736332,0.5693885198940177,0.7012943196000184,0.7999722738772274,1.0132993374461254
198,30,500.0,0.026688888888888887,0.5028122473676784,0.5561744098082035,0.6696247305870007,0.7398998227950793,0.8814133806508059
199,30,500.0,0.03,0.48991882793699126,0.5323246842216607,0.6846326659616989,0.7582074249613652,0.9093523156670859
